[0.22592252 0.3961121  0.58565377 0.75485998 0.29178997 0.84503691
 0.30433054 0.46419192 0.47387639 0.62687072 0.5526258  0.84988887
 0.7985574  0.68635095 0.75208028 0.94996046 0.79845131 0.32083147
 0.97490265 0.88603873 0.01798042 0.54367064 0.62206255 0.61732358
 0.27112939 0.57505261 0.2001535  0.02495642 0.47665262 0.50216466
 0.80259575 0.71654555 0.16366913 0.37065418 0.75050878 0.79546652
 0.00427817 0.42293839 0.12684373 0.4634862  0.37636362 0.16852159
 0.09066953 0.63567894 0.5123558  0.43548674 0.23542034 0.06737297
 0.92657453 0.99485267 0.58648957 0.5536084  0.18222809 0.80869598
 0.84016677 0.49006139 0.07893075 0.22131792 0.92139219 0.20045843
 0.59521562 0.99126277 0.95406145 0.50061583 0.55156639 0.35117986
 0.83282991 0.44682373 0.44469213 0.59141849 0.98518351 0.25861211
 0.8331445  0.63958148 0.31603081 0.45331819 0.87701867 0.78875366
 0.39006903 0.44951528 0.6409251  0.37899138 0.73447409 0.51702492
 0.78225588 0.82587245 0.71982827 0.06803982 0.59223997 0.49655137
 0.84011809 0.70872976 0.84641601 0.82981753 0.95040212 0.02637174
 0.80403021 0.96942516 0.39486457 0.52399589]
[0.23997278 0.17479012 0.3886555  0.13057518 0.13420827 0.84268677
 0.78897421 0.65523252 0.41660779 0.65718561 0.89012121 0.92102188
 0.51616978 0.80647313 0.50925601 0.45728338 0.36762255 0.4796525
 0.74502464 0.88398233 0.13422222 0.98443287 0.05845214 0.07946102
 0.52927515 0.09557587 0.59698955 0.90974964 0.36208321 0.55478857
 0.35056776 0.6407019  0.08740727 0.96453553 0.8419823  0.66638659
 0.17810415 0.87171078 0.29313045 0.39475761 0.40547713 0.85803871
 0.28423768 0.32274817 0.9166798  0.66200279 0.92909199 0.0027934
 0.55578623 0.725759   0.29780701 0.20126165 0.0758776  0.17376161
 0.14760643 0.56934019 0.52718068 0.15430086 0.73792985 0.86466944
 0.22296031 0.70310164 0.48559185 0.50581374 0.809294   0.96177696
 0.75568263 0.41902561 0.08494068 0.33657121 0.15980707 0.92012827
 0.92246783 0.4518676  0.02964301 0.3533806  0.77847989 0.57021196
 0.4805053  0.98200049 0.048854   0.70060723 0.7625686  0.13763058
 0.78175496 0.59026988 0.98950583 0.89818766 0.39516612 0.93851986
 0.47919208 0.77960629 0.57034088 0.85213925 0.48297314 0.4173386
 0.22411827 0.25754976 0.12732004 0.19741175]
[8.31914804e-01 7.93973367e-01 9.39596561e-01 9.37966503e-01
 7.26173909e-01 3.71730642e-01 5.32110935e-01 9.29390514e-01
 9.06651521e-01 8.00894154e-01 2.33619395e-03 4.76678018e-02
 1.93753849e-01 8.64829026e-01 4.33487300e-01 8.23000028e-01
 3.75240542e-01 3.35994115e-01 6.56168982e-02 8.24101538e-01
 4.90418196e-01 4.91507848e-01 5.35544312e-01 9.43674246e-01
 1.00450305e-01 7.49932336e-01 5.18452429e-01 4.84167292e-01
 1.42685572e-01 8.36084647e-01 4.76569288e-01 7.06130419e-01
 3.94026954e-01 9.95945788e-01 8.33118757e-01 7.13086225e-01
 8.76219869e-01 1.98641616e-01 8.16793709e-01 2.27517082e-02
 5.92818097e-01 7.91471810e-02 1.00810834e-01 5.03955843e-01
 1.12451083e-01 4.73003572e-01 5.72225204e-01 1.77884717e-01
 3.26155382e-01 3.11914001e-01 6.42806297e-01 9.22708641e-01
 1.41099336e-02 4.53368048e-01 4.68314698e-01 7.23532703e-01
 7.55443295e-01 8.54435556e-01 4.58165269e-01 4.81258460e-01
 8.26086737e-01 3.24739687e-01 9.93564532e-01 3.39907512e-01
 6.39672188e-02 9.47412716e-01 6.60569712e-01 8.72088704e-01
 5.51105315e-01 6.58948502e-01 5.33549890e-01 5.75837828e-01
 4.82643573e-01 2.73078547e-01 5.73163877e-01 1.16480946e-01
 4.27473909e-01 7.61532385e-01 7.41153487e-01 8.99575420e-04
 1.15874400e-01 6.51983234e-01 5.20881634e-01 3.35240714e-01
 1.72972410e-01 2.00214672e-01 6.48243101e-01 6.05273054e-01
 2.90808831e-01 5.53032206e-01 5.78461722e-01 5.45221856e-01
 2.46463735e-01 9.72813140e-01 3.69140283e-01 1.07958548e-02
 4.38385401e-01 2.59620657e-01 5.19849867e-01 5.24813631e-01]
[0.96150417 0.95291016 0.23219772 0.13484187 0.45917961 0.6444912
 0.32209654 0.36472159 0.53022139 0.39871027 0.57095634 0.35334868
 0.89233666 0.61398882 0.5160979  0.28120997 0.86306037 0.6539528
 0.71053522 0.94110133 0.61450777 0.76526695 0.47565091 0.20922326
 0.58806645 0.6697142  0.86092879 0.82976793 0.43648542 0.82539082
 0.77733878 0.89179205 0.52073731 0.60103817 0.67174088 0.82253331
 0.16556812 0.30695004 0.60072474 0.91845939 0.59316712 0.86952309
 0.99817574 0.43181182 0.37685871 0.83549475 0.03736574 0.87260616
 0.5108222  0.56405808 0.6736815  0.80678158 0.10406694 0.3482418
 0.07708485 0.0766679  0.72363184 0.1210392  0.78307728 0.38199066
 0.42952296 0.52373358 0.64373896 0.34592466 0.98450226 0.19538833
 0.28837487 0.18930661 0.02507298 0.83863367 0.3381414  0.65717849
 0.47045863 0.52804802 0.27907167 0.85290891 0.63816738 0.94361331
 0.65111212 0.46613955 0.92339196 0.07740464 0.07030472 0.00549184
 0.13488034 0.69005145 0.67429538 0.0826483  0.2075774  0.55091455
 0.9598811  0.30575657 0.51523347 0.5178653  0.44009114 0.91309323
 0.95571386 0.44351582 0.41854225 0.55709574]
[0.14676634 0.08739343 0.14559387 0.36814666 0.61502003 0.34229864
 0.16238559 0.39504885 0.46448114 0.79918947 0.2859665  0.75771628
 0.30185849 0.70318832 0.30472573 0.42104862 0.66099063 0.63147365
 0.78606037 0.20702713 0.35796965 0.1894347  0.15480274 0.39358919
 0.02063782 0.06162271 0.71318093 0.14700247 0.50602793 0.64487502
 0.27561852 0.60935649 0.96467562 0.56009474 0.35984842 0.92464674
 0.72202674 0.43586385 0.70253252 0.26087396 0.23558282 0.43068222
 0.22735237 0.29992221 0.29207312 0.48148236 0.82882598 0.88592547
 0.07231154 0.99194961 0.09145299 0.33106405 0.60775573 0.84845131
 0.97577584 0.5768179  0.15468123 0.27684485 0.81085482 0.60709238
 0.55970134 0.81400183 0.36795133 0.42487999 0.97100575 0.92908706
 0.38072198 0.95943332 0.23526066 0.54361372 0.87575897 0.06647506
 0.98653738 0.70832624 0.5350258  0.33801275 0.6033936  0.0221005
 0.57776142 0.23303409 0.33854745 0.08054536 0.97957881 0.89804344
 0.90830711 0.14751096 0.64229096 0.87426877 0.48646332 0.52174829
 0.5287836  0.6403914  0.21088971 0.54943685 0.83742018 0.76447567
 0.49688286 0.26943633 0.78432256 0.12076429]
[0.7489803  0.20176315 0.06378468 0.14409138 0.07911349 0.29991945
 0.09219865 0.21728911 0.68524674 0.4244491  0.49691212 0.95445067
 0.02521541 0.98900724 0.67668997 0.21437437 0.86068585 0.08619385
 0.84122021 0.39093857 0.49721862 0.84840703 0.91772032 0.98616553
 0.38066707 0.029732   0.70479126 0.394266   0.36916926 0.18079838
 0.03393052 0.92593194 0.85175914 0.99265916 0.23120709 0.74780212
 0.17601682 0.55821695 0.86088596 0.14155787 0.0428684  0.16937301
 0.21939162 0.86745287 0.55932858 0.73957519 0.31306028 0.13003646
 0.66361606 0.26937284 0.39907189 0.81816083 0.74791038 0.13998797
 0.029785   0.0755842  0.48740914 0.85541839 0.77605637 0.68710183
 0.28211062 0.34019179 0.0204594  0.74523817 0.94210875 0.7784568
 0.30114349 0.7917944  0.51396764 0.68211361 0.98957872 0.81620851
 0.15831865 0.06305947 0.55007767 0.56445505 0.62472123 0.86371748
 0.90638201 0.93860759 0.92189363 0.27724692 0.95586786 0.66323412
 0.07326101 0.09902172 0.1896999  0.83637819 0.46830971 0.2176779
 0.30476981 0.11176017 0.41765146 0.18806269 0.96880461 0.92190119
 0.13973809 0.66430251 0.52883261 0.22633045]
[0.19544965 0.05975657 0.48109822 0.59958277 0.39627652 0.64941897
 0.50734902 0.62821387 0.60026765 0.22658282 0.88022217 0.06003472
 0.09001317 0.68718945 0.72235253 0.02770956 0.75725893 0.12390758
 0.56742345 0.63610343 0.52857142 0.04087717 0.60914596 0.96720882
 0.72717846 0.47705468 0.12603127 0.42435225 0.88848997 0.00559419
 0.12643944 0.82076789 0.94032266 0.26904589 0.43689704 0.85884893
 0.14876776 0.34563868 0.51816223 0.77962351 0.23128596 0.50981443
 0.53936706 0.35282931 0.11016939 0.28166147 0.43119224 0.22035749
 0.53814046 0.72762706 0.56940114 0.73248416 0.36433788 0.69042057
 0.56016896 0.46714229 0.40422658 0.43773164 0.51184817 0.05179318
 0.30595072 0.63911517 0.86238744 0.21190385 0.52677139 0.08632719
 0.28186447 0.76447584 0.32131921 0.74478663 0.72570174 0.11989515
 0.13589156 0.0923624  0.14368416 0.07805313 0.84234628 0.57035096
 0.09963822 0.47100751 0.13355153 0.06847413 0.40185071 0.75232322
 0.21499362 0.04165386 0.60019619 0.36871994 0.20574804 0.08985959
 0.43867422 0.50968315 0.99783239 0.43098984 0.74631484 0.05754286
 0.12252428 0.90572688 0.77818427 0.83900385]
[0.35958948 0.3012804  0.65968913 0.02435787 0.66212326 0.27187442
 0.35079931 0.64417273 0.10658827 0.66210188 0.49998506 0.14821079
 0.4288325  0.46150459 0.58385226 0.79305319 0.25777954 0.7880811
 0.02437275 0.06616788 0.86172705 0.28684596 0.4170747  0.16234283
 0.05707707 0.96739463 0.72055444 0.37173248 0.18861234 0.43621402
 0.92835361 0.31636765 0.06653309 0.5683673  0.28572981 0.5333126
 0.70985135 0.0472838  0.82961426 0.69851006 0.00545655 0.21813325
 0.46764439 0.35121569 0.60921659 0.2758331  0.73828197 0.24472102
 0.3066013  0.8590692  0.24371628 0.18088871 0.91953467 0.79974388
 0.40523538 0.52564772 0.18758732 0.98846888 0.25071007 0.19496159
 0.29435879 0.2386909  0.24312823 0.85544684 0.78632802 0.40876887
 0.38416389 0.45338089 0.19917019 0.84101221 0.54150354 0.00250645
 0.75074935 0.54624631 0.37685591 0.81979892 0.21916821 0.74826074
 0.01310522 0.13965803 0.56461972 0.94490331 0.05532887 0.292738
 0.86781947 0.37117735 0.85311488 0.57084122 0.17372699 0.2180453
 0.93967683 0.77602669 0.99100957 0.11047193 0.67142735 0.01293116
 0.77322448 0.69882201 0.28831691 0.72220981]
[0.9822631  0.81326666 0.29640742 0.69656423 0.56919841 0.26107342
 0.37277348 0.24085688 0.35030808 0.13051858 0.53741094 0.8762575
 0.11578177 0.75658546 0.38652464 0.31233297 0.51545538 0.87891544
 0.76294109 0.41347252 0.58256906 0.76669023 0.78944525 0.61157734
 0.25762912 0.54062683 0.87230684 0.97516088 0.37031982 0.76694412
 0.0804574  0.09450765 0.14310058 0.50163947 0.931713   0.42657816
 0.6464103  0.89022331 0.16936817 0.03024581 0.3289489  0.79707077
 0.1366524  0.62910766 0.13176224 0.90433382 0.83507235 0.40922731
 0.86728983 0.63885108 0.93677753 0.7554215  0.80525274 0.68225369
 0.17175544 0.29518246 0.39791259 0.27577012 0.39566841 0.07824272
 0.54606727 0.86310999 0.8151669  0.03018371 0.50648974 0.22898669
 0.26349448 0.89796473 0.47766324 0.16628018 0.12115371 0.43450488
 0.25116809 0.92770569 0.85788076 0.08625185 0.37952965 0.48000259
 0.16304324 0.13159583 0.35322703 0.92858359 0.50989023 0.82466954
 0.68679213 0.0277901  0.3850184  0.1033719  0.19305577 0.72438018
 0.22040301 0.73399234 0.83060128 0.67094551 0.12070954 0.80681495
 0.22957511 0.82461804 0.89127293 0.93846898]
[0.04325693 0.70017347 0.85700704 0.2618918  0.7768301  0.76686611
 0.98083656 0.44012597 0.31827969 0.30408442 0.97578138 0.30755329
 0.17927923 0.62977417 0.50271507 0.66866833 0.78242695 0.64811158
 0.25828658 0.29942466 0.26569845 0.27192217 0.89179253 0.44424117
 0.97749825 0.12890917 0.00868451 0.53561159 0.2080219  0.12682644
 0.38844379 0.3909551  0.32689946 0.96238869 0.24496392 0.04043309
 0.29227425 0.77262921 0.57513514 0.14345224 0.14673212 0.67905769
 0.0608358  0.24762819 0.04277412 0.74260567 0.56232035 0.40484134
 0.22243364 0.19231978 0.53821712 0.06330764 0.94547362 0.46832353
 0.60048547 0.92964193 0.42402358 0.57374975 0.02143559 0.44026099
 0.59605095 0.86931074 0.00897697 0.31979784 0.02594135 0.01979322
 0.38058389 0.14734937 0.73607735 0.51170005 0.78072998 0.18447046
 0.56276426 0.04489494 0.15937496 0.05304996 0.06733403 0.02280855
 0.2678885  0.3056262  0.72736471 0.6398933  0.27250964 0.32860046
 0.4637485  0.86341674 0.43917434 0.92147288 0.44620472 0.74834271
 0.12969101 0.32994076 0.22138508 0.79936454 0.5108152  0.4329402
 0.20187288 0.68546198 0.76029804 0.27952254]
[3.17365519e-01 1.57679182e-01 6.72269882e-01 6.05519583e-01
 3.66734398e-01 4.67606261e-01 8.88743084e-01 4.71881100e-01
 2.97975411e-01 3.48898225e-01 6.17520086e-01 5.19056003e-01
 5.25778258e-01 6.33828370e-01 9.31937158e-01 5.86992304e-01
 9.72847340e-02 8.38333604e-01 8.74045334e-01 8.37309771e-01
 7.21004827e-01 8.11652703e-02 2.96144066e-01 4.91976652e-01
 8.99315233e-02 6.93957658e-01 1.45884061e-01 5.68976950e-01
 6.52290837e-01 8.43500227e-01 3.69881727e-02 8.01557659e-01
 7.39290306e-01 2.84775105e-01 6.03641535e-01 9.22035764e-01
 8.90569133e-01 2.63203527e-01 5.95612611e-01 4.50396179e-01
 9.99146341e-01 3.76866805e-01 5.60642628e-01 5.94464946e-01
 5.20838181e-01 5.62660708e-01 8.18179817e-02 9.28539449e-01
 5.60352135e-01 1.07017423e-01 2.46766554e-01 5.91763062e-01
 1.65780120e-01 3.44788721e-01 4.07861344e-04 6.41789644e-01
 7.03032587e-01 4.73785704e-01 9.44705676e-01 9.27877975e-01
 8.88031692e-01 9.46505847e-01 7.95790757e-01 1.88160415e-01
 8.53636072e-01 9.70264392e-01 3.10783729e-01 2.90656455e-01
 5.14747663e-01 8.25679018e-01 1.43545078e-01 3.89083320e-01
 3.53169056e-01 5.89417311e-01 3.14859935e-01 7.35413613e-01
 7.42560458e-01 7.98515317e-01 1.86460918e-01 8.36441871e-01
 2.70913703e-01 6.57056445e-01 1.80009207e-01 3.85630891e-01
 1.28843123e-01 8.96690120e-01 6.35040083e-01 3.46009365e-01
 5.08063831e-01 8.94035235e-01 7.46981758e-01 1.92823518e-01
 1.55473152e-01 3.49065891e-01 7.23967213e-01 7.80879679e-01
 4.52120333e-01 7.02412272e-01 1.26475668e-01 8.89590413e-02]
[0.8583963  0.9543393  0.58405284 0.88000724 0.10900271 0.21987947
 0.4875684  0.28549066 0.76201926 0.07495641 0.6001529  0.87413224
 0.40615538 0.72579393 0.10030994 0.98548987 0.40340798 0.30128234
 0.68079385 0.08819755 0.19139666 0.75076906 0.2514128  0.47877724
 0.95558558 0.72731338 0.41589169 0.88354372 0.42583611 0.72522919
 0.63866272 0.54092484 0.91795619 0.70443268 0.6622441  0.03783797
 0.6606696  0.07666466 0.42841138 0.18169051 0.88312929 0.08776145
 0.13724233 0.46834935 0.94049765 0.38351381 0.54824324 0.18702026
 0.37782028 0.9986205  0.09186392 0.41483712 0.28830416 0.78116515
 0.82507974 0.58010476 0.49842628 0.90658401 0.4228326  0.92544364
 0.29263263 0.2168187  0.76105102 0.7686244  0.95986995 0.80658054
 0.69755498 0.25924557 0.61789089 0.21749172 0.76380872 0.1918077
 0.20754091 0.93625793 0.2550286  0.73978575 0.43146906 0.26003385
 0.53831886 0.68127288 0.09332589 0.12282524 0.55772307 0.82948667
 0.50880805 0.87017964 0.90753035 0.61134523 0.65934545 0.97552208
 0.49776962 0.35969211 0.26714416 0.59735266 0.70937098 0.80302265
 0.2004983  0.59542852 0.48380482 0.20441542]
[0.19941856 0.18190257 0.96865411 0.6243508  0.34310831 0.82766464
 0.82068689 0.55397837 0.35079013 0.24422813 0.21756534 0.64715714
 0.22851445 0.92366548 0.41814105 0.45706799 0.90378661 0.29671519
 0.61948286 0.58129459 0.29931586 0.18909497 0.90022237 0.43170938
 0.56262475 0.27667281 0.3369836  0.744392   0.81964974 0.62956391
 0.23413262 0.31156277 0.76046361 0.89345027 0.15016461 0.555403
 0.75611824 0.32514021 0.88204817 0.56208471 0.32824912 0.30947728
 0.0563609  0.27632134 0.71726219 0.68027295 0.12007487 0.87308904
 0.59019206 0.53123983 0.55325779 0.78186647 0.27105989 0.89706196
 0.39082201 0.36523226 0.77157184 0.5465146  0.34421076 0.92948639
 0.16359632 0.61547599 0.9185184  0.64816926 0.17950088 0.11016111
 0.05309147 0.03191368 0.33537489 0.4809349  0.69491303 0.47039761
 0.04369494 0.5847969  0.3396907  0.8165495  0.809438   0.93570254
 0.14663373 0.91262432 0.99297163 0.63603646 0.68060485 0.04952989
 0.64803214 0.56077061 0.69680699 0.83295548 0.61995478 0.54782007
 0.08066007 0.00910054 0.13092201 0.12998494 0.31835373 0.41658119
 0.76503704 0.87350374 0.0823894  0.69898828]
[0.87337807 0.93928797 0.79960148 0.82016996 0.0134604  0.14435335
 0.9769835  0.25653009 0.75733902 0.21155227 0.12306789 0.67819386
 0.37001058 0.9721339  0.66441747 0.8109704  0.44147982 0.34778628
 0.94858253 0.77783612 0.55870752 0.20753617 0.56858542 0.29611911
 0.52048382 0.74469002 0.11713094 0.36386239 0.45903433 0.66051127
 0.36834239 0.76205716 0.69677887 0.9543752  0.07021143 0.04278876
 0.28646863 0.84303021 0.47270963 0.80540467 0.99467617 0.95535735
 0.94369916 0.63157302 0.04555022 0.3705972  0.87155783 0.92529759
 0.36278199 0.88394404 0.75398214 0.74385433 0.19363019 0.08537805
 0.94991128 0.68266993 0.80822972 0.66071106 0.92027435 0.76699607
 0.73984927 0.94918429 0.99066394 0.84371997 0.76784665 0.86412574
 0.97527551 0.76502458 0.50565424 0.73460383 0.12274421 0.66547651
 0.32281141 0.38070744 0.09183854 0.40707318 0.4501325  0.1755269
 0.11912022 0.85154749 0.70672141 0.63031553 0.83735991 0.85231287
 0.4481034  0.76834891 0.26451988 0.18775709 0.87461865 0.75296204
 0.04348829 0.31466066 0.0265169  0.77630022 0.47233916 0.70692215
 0.57780097 0.79743345 0.13659725 0.38308696]
[9.47990503e-01 4.01888923e-01 7.65348522e-01 6.27606662e-01
 3.10051966e-01 1.72370674e-01 5.36622866e-01 6.69763244e-01
 9.59984041e-01 2.02666542e-02 3.91066587e-01 3.83721454e-01
 2.09142391e-01 6.06449570e-01 1.06659708e-01 1.00445522e-01
 6.14158520e-01 9.26033543e-01 9.17472205e-01 2.98870895e-03
 5.74758718e-01 5.87146426e-02 7.00639619e-01 1.47685697e-01
 8.00774795e-02 8.24936734e-01 3.42321140e-01 5.30407892e-01
 7.86967767e-01 9.81146034e-01 8.49343750e-01 6.26833096e-01
 2.87480939e-02 8.35745321e-01 1.88307458e-01 9.67623220e-01
 4.45695797e-01 8.21010470e-01 9.08081284e-01 4.02878125e-01
 8.92486441e-01 7.50822643e-01 3.03774673e-01 4.81044121e-01
 5.44842938e-01 4.93103378e-01 6.18505976e-01 1.00563948e-01
 8.27325119e-01 9.57802838e-01 9.61146202e-01 1.03313482e-01
 9.71338479e-01 5.62550745e-01 3.77634715e-01 7.11545074e-01
 2.08216730e-01 4.06051428e-01 6.04876410e-01 1.24059577e-01
 4.31135304e-01 5.02088724e-01 1.45420297e-01 7.67057050e-01
 1.25320816e-01 6.09997983e-01 1.58080158e-01 6.25428800e-01
 1.38529921e-01 8.48347934e-01 3.03141056e-01 4.83492134e-01
 9.40439319e-01 7.59619829e-01 3.50747203e-04 9.25840020e-01
 7.25471600e-01 9.56588817e-01 6.10953035e-01 2.18029524e-01
 6.36854402e-01 4.60396906e-01 9.43435750e-01 4.48768665e-01
 9.39927020e-01 5.97000102e-01 7.10060989e-01 8.98418660e-01
 5.92982662e-01 9.81560180e-01 1.88237747e-01 9.76157415e-01
 7.46813538e-01 4.81847418e-01 3.86300636e-01 2.81259179e-01
 7.03078561e-01 1.66433961e-01 6.74406472e-01 4.18264758e-01]
[0.8146917  0.33898104 0.2843285  0.22402815 0.55171601 0.06356989
 0.57309422 0.99868487 0.29071695 0.18566576 0.70895704 0.6423937
 0.53900245 0.13914186 0.12302834 0.12150795 0.56822453 0.13738035
 0.41419094 0.55978303 0.55936599 0.81600633 0.449294   0.5483601
 0.79102828 0.20191295 0.26642402 0.53502086 0.25426228 0.29346564
 0.55497224 0.47268734 0.24904056 0.87322884 0.66596873 0.24181781
 0.11234211 0.45009786 0.94616638 0.13938609 0.96036508 0.07436718
 0.84715459 0.49930855 0.3038101  0.14319381 0.51011937 0.2036829
 0.67113793 0.5273836  0.94133629 0.1422446  0.39067603 0.57221887
 0.40151484 0.39767729 0.56489322 0.88343031 0.97907006 0.9281771
 0.61542846 0.73048934 0.66748967 0.90071331 0.35739275 0.70739253
 0.47195949 0.9035727  0.77646045 0.82409475 0.65892329 0.93251555
 0.78516382 0.11255535 0.88511208 0.03817967 0.45308791 0.66745613
 0.99266393 0.91973109 0.01007124 0.84041301 0.1752233  0.76738787
 0.17645215 0.47551952 0.61971669 0.84058873 0.30719137 0.27421795
 0.94993544 0.21005052 0.35830843 0.76560383 0.52314606 0.45201389
 0.40216515 0.09598692 0.67654492 0.61367835]