[0.44612281 0.5339364  0.95132438 0.07499229 0.07697924 0.94835753
 0.02791519 0.35525353 0.10629818 0.71375088 0.92245884 0.50837405
 0.8265353  0.32146626 0.38250693 0.10542169 0.65389923 0.03932418
 0.86219249 0.90716755 0.21648679 0.30805624 0.26130847 0.44350786
 0.15221665 0.27965413 0.16806053 0.38258649 0.60803054 0.24729708
 0.61371073 0.69810294 0.60663905 0.88944445 0.09920465 0.14693435
 0.12500338 0.86738367 0.29699193 0.31093716 0.98049042 0.41382378
 0.05465164 0.09822666 0.51075637 0.19390751 0.11975669 0.5012559
 0.45337111 0.77788521 0.67842281 0.0125235  0.44088758 0.38734185
 0.8434244  0.03969289 0.68089642 0.78106788 0.18276624 0.58973169
 0.58611792 0.26926744 0.4608731  0.41365035 0.87172408 0.73739327
 0.28549067 0.37249924 0.36298077 0.7230218  0.20790157 0.79939142
 0.4341335  0.07000851 0.73903829 0.1835275  0.52289705 0.54730922
 0.56530501 0.85490723 0.65474353 0.31135552 0.19201547 0.71369368
 0.77319308 0.93823335 0.14567112 0.20443594 0.36533455 0.85487087
 0.75521335 0.12748688 0.55825948 0.16563875 0.72491359 0.06164394
 0.35847118 0.95956588 0.90382857 0.56122275]
[0.84307795 0.05857918 0.77465378 0.43420763 0.15037588 0.98010571
 0.01843481 0.41905192 0.00450812 0.42397313 0.32374007 0.76722976
 0.00893694 0.78260593 0.93577879 0.56873576 0.38762207 0.89241588
 0.59503408 0.36107687 0.77909998 0.78359856 0.7508859  0.3620076
 0.91834647 0.4764681  0.36452707 0.00341036 0.34600173 0.01719368
 0.9912019  0.28288415 0.47123448 0.03741363 0.33629063 0.28990793
 0.16238919 0.49406803 0.46375913 0.0590005  0.20463166 0.83464116
 0.00690613 0.02810984 0.54381987 0.93433433 0.51426472 0.41414373
 0.67502341 0.25057946 0.07101958 0.83072923 0.06315736 0.3420465
 0.42246214 0.25235997 0.19339553 0.98037853 0.96712539 0.20900566
 0.02671453 0.5825061  0.00310662 0.21629015 0.37360298 0.40732717
 0.70586254 0.01190012 0.04414546 0.15063549 0.37161652 0.54933823
 0.91819459 0.9020474  0.08594628 0.8205047  0.31217954 0.43315772
 0.85607822 0.62755237 0.07963807 0.77423014 0.14712814 0.40335283
 0.96320968 0.13436916 0.86853674 0.48117808 0.38473061 0.52890606
 0.20400932 0.67916715 0.43640267 0.61060017 0.58797099 0.87400941
 0.65404849 0.59397486 0.05368532 0.0247666 ]
[0.34915742 0.77796056 0.94262031 0.47016177 0.70428679 0.96653868
 0.27845792 0.53653977 0.328121   0.30401455 0.1337832  0.50299824
 0.3104378  0.38170493 0.85048105 0.10921136 0.26781536 0.12851134
 0.41714958 0.49712988 0.16712635 0.84459295 0.39875856 0.46267325
 0.94713317 0.33345149 0.68436038 0.37375512 0.9133977  0.92216579
 0.02788995 0.9577349  0.71665867 0.12187442 0.47652742 0.52882658
 0.17541754 0.59125106 0.51317625 0.42331922 0.83224819 0.86534908
 0.29728201 0.67536702 0.19515976 0.5957382  0.65611876 0.20232522
 0.55647752 0.7299564  0.47940597 0.69639811 0.2191734  0.94727399
 0.85049275 0.55940754 0.95367451 0.37782867 0.14303213 0.24181312
 0.09429299 0.9234035  0.3976644  0.26458541 0.71182531 0.30185739
 0.50746851 0.97511103 0.71800194 0.86482286 0.36238192 0.7876899
 0.78267624 0.18000882 0.97873075 0.66815634 0.27847125 0.85220301
 0.59710547 0.73167126 0.34870672 0.1433772  0.98419726 0.50202268
 0.34301319 0.79502979 0.9172246  0.29596755 0.40931363 0.43733614
 0.35835589 0.02087192 0.89163021 0.26598354 0.82028486 0.34838403
 0.41530884 0.65169897 0.4543     0.63706464]
[0.96275676 0.89265748 0.8007889  0.91990354 0.00383188 0.18145217
 0.09818166 0.47460916 0.20542378 0.93331791 0.39830448 0.79303114
 0.35689015 0.27759578 0.0784376  0.11714736 0.45184571 0.14082193
 0.23223686 0.63755307 0.4393352  0.79118138 0.26883619 0.92424205
 0.89367482 0.58985769 0.17226269 0.64975808 0.01546259 0.22312616
 0.9533399  0.10785643 0.5357971  0.44165758 0.24331368 0.72140634
 0.59586592 0.84259138 0.25774954 0.92612226 0.24172904 0.39484847
 0.34695445 0.38828985 0.31825461 0.93120928 0.53597814 0.52914471
 0.28995827 0.00186228 0.72094445 0.935619   0.91626226 0.57476612
 0.13148689 0.93398381 0.75448838 0.22493011 0.73310198 0.56492985
 0.15419452 0.0751246  0.46252803 0.55457417 0.49156261 0.73024623
 0.37639178 0.63018047 0.13560742 0.65320918 0.596697   0.34705969
 0.60414609 0.81096134 0.60585584 0.31059993 0.32782829 0.16299778
 0.69289274 0.13742154 0.65844824 0.62943045 0.52158009 0.85267799
 0.63987764 0.33676601 0.93230984 0.7562378  0.29340061 0.69048823
 0.89374194 0.96361566 0.16995095 0.02562165 0.66486943 0.44220808
 0.12459936 0.77066104 0.49571522 0.82967895]
[0.06980973 0.76972027 0.95429006 0.4745143  0.35093646 0.04393186
 0.9638994  0.91357643 0.19272584 0.19878634 0.75978041 0.08522909
 0.47877786 0.56660474 0.40616592 0.13397527 0.79776757 0.97631936
 0.67677393 0.79652218 0.62115164 0.55336879 0.59674675 0.13665196
 0.53609906 0.19558968 0.99375455 0.51585606 0.81632622 0.78387839
 0.44690661 0.30447556 0.98998388 0.32549283 0.34225867 0.85491078
 0.29234639 0.71174957 0.51754492 0.57712851 0.61612114 0.60096552
 0.03258929 0.45085828 0.90006679 0.93741309 0.30159267 0.81208378
 0.16568736 0.74773352 0.72925476 0.81267975 0.62740284 0.00185345
 0.0289406  0.07546381 0.5904026  0.14923449 0.87591078 0.53228176
 0.40630612 0.28014878 0.4910409  0.08084734 0.87489142 0.17277771
 0.20037377 0.25677051 0.60066515 0.17686893 0.35884267 0.07177119
 0.67897346 0.93049083 0.92273724 0.15987325 0.77096888 0.63303227
 0.5300547  0.14291006 0.63676014 0.72684432 0.74978148 0.59415067
 0.944285   0.53025079 0.63393308 0.26793444 0.29995311 0.86026049
 0.09231273 0.17269567 0.90239939 0.85228898 0.44923101 0.09444167
 0.27250115 0.00704493 0.66194788 0.22846192]
[0.53021769 0.9072131  0.14812074 0.84345343 0.14573468 0.20661761
 0.37980743 0.59025371 0.72290462 0.78214945 0.58649175 0.69054482
 0.99095494 0.56160433 0.23210011 0.60019421 0.84092092 0.33767227
 0.44213488 0.68431749 0.66451517 0.24943686 0.65390005 0.53979105
 0.92284267 0.77362131 0.14209077 0.09958279 0.93687184 0.02023606
 0.4779693  0.06952938 0.89004463 0.6669729  0.41350532 0.08915474
 0.93817849 0.63278942 0.16310112 0.60026705 0.02826904 0.59632911
 0.66096286 0.46102525 0.92904906 0.47799502 0.31110747 0.83663698
 0.08844494 0.78956635 0.10338519 0.04459865 0.19523811 0.8545311
 0.05688622 0.79780576 0.57743574 0.5885992  0.08473467 0.39303512
 0.53650345 0.14940566 0.07546466 0.78929465 0.7068478  0.28605541
 0.72472645 0.19861896 0.31305105 0.46391744 0.61331375 0.49806153
 0.62456993 0.17155458 0.39403255 0.06678614 0.51149436 0.20857993
 0.59354303 0.41867599 0.45851248 0.77297097 0.67111339 0.20140967
 0.51650068 0.40811118 0.92749635 0.37058597 0.32988489 0.40512781
 0.36758445 0.52392177 0.74963369 0.05432177 0.24419429 0.63889149
 0.07161813 0.66431788 0.95758531 0.39180732]
[0.73974724 0.7403702  0.73760649 0.541623   0.22831206 0.99354331
 0.3399351  0.79246012 0.35035067 0.41125387 0.50899775 0.63269759
 0.76695835 0.70963297 0.38272328 0.8384505  0.97014858 0.03856964
 0.69929803 0.49904019 0.47732499 0.84285034 0.42621288 0.77100852
 0.0438713  0.76225546 0.21403903 0.43182631 0.78469555 0.8632745
 0.88640317 0.80312839 0.39774402 0.15842771 0.26755421 0.49280277
 0.87607454 0.36237206 0.45357003 0.89491906 0.73923118 0.1462941
 0.51590061 0.61530319 0.86228835 0.89103103 0.22590456 0.76272033
 0.94216185 0.76476546 0.02198593 0.47996176 0.43641839 0.21523438
 0.37530446 0.51392618 0.40298172 0.89621738 0.0388073  0.15158279
 0.23602341 0.02392137 0.05740936 0.48388874 0.24603763 0.52472957
 0.03614557 0.50500016 0.94070435 0.4778074  0.55699306 0.98989576
 0.71905178 0.00464092 0.8812502  0.07689261 0.6161614  0.31565824
 0.86859563 0.48434177 0.74807796 0.08147535 0.7394491  0.95130353
 0.03711777 0.9683801  0.43112364 0.65879567 0.93055785 0.91790862
 0.08298791 0.08696431 0.14933876 0.81931754 0.36433087 0.27745518
 0.69760115 0.74827642 0.63884389 0.37003303]
[0.58318539 0.06183051 0.48507652 0.22851249 0.74158572 0.0870622
 0.98431853 0.50346759 0.25955383 0.11622455 0.62585416 0.99532811
 0.34387621 0.48512984 0.50501721 0.65891799 0.01411759 0.61380869
 0.76179612 0.08364751 0.24600161 0.44431728 0.26509622 0.44202099
 0.55501604 0.87433626 0.67822784 0.18647227 0.15824708 0.31262809
 0.43135941 0.73973298 0.65677899 0.37071583 0.56426698 0.89556342
 0.09139492 0.92386699 0.37698851 0.10433252 0.31248392 0.22135399
 0.31491923 0.48814671 0.77912717 0.42176869 0.18270108 0.62742015
 0.70882068 0.95628091 0.37174202 0.14458057 0.91550688 0.77632024
 0.6692686  0.2743928  0.30252636 0.11459582 0.54382105 0.20082599
 0.15614834 0.88276606 0.35849721 0.94577909 0.64837554 0.86001201
 0.79066625 0.83331505 0.74598586 0.4943963  0.79934292 0.74527706
 0.01333417 0.19123276 0.54422234 0.4779595  0.16509449 0.93417901
 0.3787636  0.35442532 0.90749025 0.30536517 0.58441419 0.44415469
 0.2972649  0.7748637  0.48874719 0.2060767  0.22584276 0.13302554
 0.10500302 0.19071295 0.44218763 0.10554946 0.04016703 0.4040904
 0.26849571 0.26601336 0.89299293 0.12783603]
[0.60007777 0.9790859  0.94015154 0.16721202 0.68112852 0.58938417
 0.60333504 0.99682272 0.03418389 0.91899175 0.83919353 0.88586151
 0.05311068 0.65279494 0.1961638  0.9739685  0.57510424 0.33802808
 0.2020889  0.14653696 0.83914588 0.64773765 0.98714338 0.74173581
 0.8498837  0.95683658 0.59445013 0.06550807 0.91537745 0.44398365
 0.17992046 0.37805258 0.20724878 0.65026349 0.70187577 0.79475526
 0.40496689 0.85043626 0.86086973 0.47860954 0.15932282 0.5118683
 0.36280771 0.73262138 0.34952761 0.92157646 0.2907824  0.27537499
 0.14083002 0.52232248 0.380034   0.5460979  0.09777217 0.90535908
 0.70032246 0.19540196 0.33062349 0.07030162 0.49943849 0.97799271
 0.033843   0.39403317 0.34289453 0.59665202 0.39490535 0.9233838
 0.80406639 0.11440665 0.29703625 0.03982142 0.57776559 0.08022356
 0.7244926  0.24759653 0.67256098 0.02354592 0.83834987 0.55513801
 0.1629349  0.67543737 0.83985056 0.42363853 0.81238037 0.42572655
 0.62160254 0.39311303 0.93698833 0.99355205 0.08202882 0.64796117
 0.99831599 0.74952121 0.54074026 0.91575534 0.76860002 0.44917144
 0.26490562 0.34584269 0.68850442 0.57090757]
[0.791584   0.40511092 0.12686617 0.58986146 0.38270846 0.44459797
 0.90914646 0.99863734 0.42590819 0.86599    0.09423049 0.05851946
 0.36533222 0.02445301 0.58085604 0.03193018 0.8671265  0.87224969
 0.68049012 0.44239039 0.06795603 0.34234019 0.98291529 0.48772123
 0.79812623 0.94493482 0.54985009 0.06143314 0.86053206 0.69863562
 0.23106244 0.32598291 0.27631395 0.44578074 0.41244491 0.26396236
 0.72225935 0.1054961  0.38173625 0.17958155 0.41017718 0.36879754
 0.22017338 0.83753978 0.04300784 0.69203649 0.64403581 0.60114206
 0.12827643 0.51617796 0.51254836 0.82393374 0.73005929 0.3331257
 0.10575053 0.3832439  0.72075387 0.52103963 0.61443994 0.99763678
 0.90317639 0.17301211 0.88566882 0.2527139  0.58651956 0.45953434
 0.00439428 0.05802881 0.19928774 0.43713691 0.26869819 0.13913594
 0.76533014 0.42467556 0.88492444 0.46361016 0.6559596  0.61701703
 0.54212845 0.42945494 0.55220715 0.96574036 0.66560285 0.75139052
 0.56454119 0.065269   0.77844037 0.45279863 0.16919105 0.20217354
 0.47146631 0.28097301 0.72441226 0.66957982 0.77879037 0.33458425
 0.00490264 0.60900078 0.74582621 0.05312247]
[0.25196372 0.37275091 0.67241224 0.17370955 0.4443653  0.02485569
 0.97877744 0.12077935 0.02000695 0.54182887 0.44371345 0.85642863
 0.36061072 0.95484093 0.43604068 0.22417806 0.91485298 0.03649677
 0.64265854 0.77965859 0.25123403 0.64474128 0.8353074  0.57073289
 0.43267792 0.99836718 0.5722782  0.8262152  0.67933296 0.82700065
 0.48723434 0.14056931 0.81979457 0.40590648 0.82404161 0.45471317
 0.68620412 0.24099743 0.81525605 0.13246459 0.81990164 0.48228871
 0.6489353  0.42728176 0.6553272  0.72561566 0.73393162 0.23402177
 0.35134271 0.06819868 0.62226693 0.92325766 0.88018326 0.91338329
 0.83802456 0.82302278 0.35351155 0.71522875 0.08647608 0.06000253
 0.4202662  0.31508097 0.13538538 0.92572457 0.33312055 0.09879959
 0.91745    0.73756608 0.22075962 0.71138126 0.80389732 0.7562076
 0.03042677 0.57402893 0.48246866 0.57154597 0.33675808 0.34045955
 0.08436644 0.15984558 0.63179559 0.48794985 0.82480036 0.68934608
 0.34227626 0.9912785  0.82532347 0.53381689 0.20134421 0.69620719
 0.54000115 0.46120114 0.64614436 0.87553556 0.90409622 0.29882173
 0.76506714 0.58916117 0.34731716 0.23825725]
[0.9572034  0.2842594  0.05874487 0.52416531 0.66616219 0.16025741
 0.28865176 0.40276238 0.71145343 0.258572   0.88293082 0.9177153
 0.52317239 0.47882419 0.75666993 0.55551679 0.79235428 0.63697968
 0.36291365 0.68038677 0.84545549 0.69617273 0.08715412 0.75712819
 0.35522797 0.80383301 0.07778874 0.67017853 0.09144188 0.29419767
 0.76327262 0.1401735  0.80681453 0.38351647 0.76091139 0.00790095
 0.56053975 0.87225626 0.85186418 0.31735002 0.09991669 0.13629795
 0.25404144 0.1434443  0.95189746 0.24128754 0.23085856 0.80978759
 0.72402393 0.71489516 0.58845063 0.4147304  0.46686579 0.21056403
 0.286585   0.31101616 0.95177067 0.37192397 0.87221187 0.7957559
 0.66287321 0.2581835  0.05981065 0.20340307 0.84023127 0.45654378
 0.77486887 0.83071782 0.81269569 0.74062437 0.85637872 0.77322386
 0.2504985  0.47182731 0.4961929  0.43350495 0.14515242 0.43036092
 0.99650495 0.59819062 0.50215196 0.85427861 0.48726096 0.95929862
 0.85020234 0.27484769 0.92486717 0.31466344 0.61491896 0.7815516
 0.13007564 0.16244314 0.22025371 0.02677886 0.58245828 0.46847915
 0.42114612 0.60073224 0.01831974 0.87106693]
[0.05520026 0.85008121 0.16750601 0.94531202 0.5384104  0.20774155
 0.41477074 0.6895467  0.11162269 0.88442113 0.08980852 0.49989649
 0.95902006 0.96751479 0.94254687 0.29125567 0.52707714 0.56159366
 0.17733556 0.38838384 0.75197826 0.92619791 0.28717503 0.27613894
 0.30445458 0.97784463 0.13337732 0.19478268 0.07873521 0.975754
 0.9385287  0.9528461  0.80750195 0.24699602 0.58662223 0.40638245
 0.04602095 0.02994917 0.48674325 0.59427543 0.54950135 0.66490088
 0.71143489 0.46875038 0.25894997 0.63747196 0.65680708 0.84207898
 0.93911474 0.44049972 0.43687367 0.23586712 0.85337995 0.56635842
 0.82288258 0.25217115 0.11903547 0.75065408 0.67950747 0.97457991
 0.61223776 0.89853158 0.72902211 0.02838862 0.85125476 0.2517494
 0.64762049 0.28150577 0.26889243 0.37867741 0.93177592 0.39647064
 0.3991922  0.26358768 0.99105565 0.33529668 0.56347895 0.45615731
 0.76515522 0.10337345 0.93027915 0.42368509 0.93637868 0.44237443
 0.86788709 0.04391556 0.26252002 0.70494065 0.46907829 0.38732432
 0.73772771 0.44968772 0.42233387 0.56418651 0.8798618  0.4114842
 0.91267066 0.119937   0.64576514 0.89378892]
[0.05875114 0.74626385 0.28049197 0.53309082 0.05512844 0.13723688
 0.06987097 0.54017933 0.79665145 0.13083164 0.18953987 0.78212813
 0.75751065 0.83176488 0.18222929 0.46515717 0.81012468 0.53209251
 0.98748763 0.53273433 0.53587528 0.81662143 0.83506691 0.62475228
 0.05719603 0.12566661 0.1887974  0.23461604 0.24139505 0.69191749
 0.07088564 0.68713133 0.42725034 0.33605412 0.85933193 0.40430403
 0.18853072 0.90899591 0.56419759 0.13493012 0.30907183 0.60072334
 0.85970261 0.57458944 0.56449468 0.66026355 0.91684434 0.40823759
 0.59255629 0.69570936 0.96544787 0.63034669 0.91211775 0.54270165
 0.35520871 0.47043779 0.48222353 0.09349153 0.12931445 0.16767008
 0.4632495  0.92395564 0.77297685 0.45369122 0.82672181 0.80750151
 0.92380352 0.40582341 0.82904823 0.14579102 0.38244533 0.22465752
 0.07231861 0.81232419 0.27451767 0.40370796 0.75997354 0.86007624
 0.10516248 0.37103064 0.89607815 0.11909147 0.42139621 0.88795445
 0.60325462 0.54995025 0.40825943 0.10472236 0.50632252 0.47519443
 0.05325937 0.28556419 0.28863797 0.42482936 0.50134107 0.25098565
 0.70943368 0.02697083 0.5433925  0.11635741]
[0.80700458 0.89409954 0.53173019 0.71817792 0.70944331 0.44874998
 0.15353702 0.12956292 0.62994096 0.58179092 0.49510816 0.4561083
 0.82779621 0.48049358 0.07116311 0.07539201 0.22243456 0.41783059
 0.27036384 0.94083383 0.49128182 0.2450683  0.81737723 0.44102948
 0.1491415  0.41052223 0.25575796 0.07783621 0.08113762 0.68332765
 0.98808095 0.20069105 0.5223804  0.32420966 0.46081411 0.77449969
 0.01455256 0.5325455  0.2641307  0.26711645 0.06989279 0.17747108
 0.84807669 0.90750904 0.88155893 0.21752701 0.21945584 0.04039296
 0.98100335 0.75731391 0.68831935 0.49924281 0.76949268 0.17016364
 0.15759702 0.55526151 0.59854777 0.54368171 0.91589623 0.86534687
 0.92562261 0.40431251 0.58993319 0.17764407 0.80990119 0.11717227
 0.76717733 0.9928777  0.79550045 0.6538877  0.84268274 0.40429088
 0.51835244 0.03607642 0.7551454  0.42114738 0.05778018 0.66075184
 0.87242616 0.90041566 0.37925941 0.88021688 0.72867744 0.20088032
 0.18165472 0.66725161 0.94014851 0.90282283 0.42792125 0.78663485
 0.90490194 0.76600263 0.83393801 0.33264335 0.87004522 0.03354531
 0.00692852 0.70175797 0.18614743 0.58375189]
[0.33381271 0.47920183 0.50750284 0.02946196 0.54071732 0.12988326
 0.91564255 0.4550016  0.29319716 0.94217827 0.67765487 0.56430793
 0.28232824 0.05171018 0.85773911 0.81300791 0.14049915 0.84696677
 0.71096023 0.44581071 0.83177325 0.12150685 0.15953792 0.23205797
 0.24142748 0.71450113 0.28555919 0.17274178 0.72154157 0.25724779
 0.95642948 0.34727433 0.8243942  0.12646877 0.07705345 0.5182045
 0.18574533 0.8415432  0.74056071 0.81640844 0.24746777 0.09135764
 0.53493083 0.27661952 0.56181104 0.61844482 0.52698703 0.9991165
 0.92486664 0.69838759 0.6531308  0.91602566 0.84873427 0.90242061
 0.10080281 0.99279577 0.08179921 0.48157777 0.66701929 0.74394398
 0.601954   0.64587261 0.86437376 0.99824412 0.51223485 0.55619594
 0.12912032 0.70083415 0.44647913 0.28382447 0.07641903 0.5135543
 0.79741382 0.6618997  0.45200846 0.66111054 0.78177082 0.61368972
 0.95673673 0.14024934 0.48990163 0.53771462 0.06361157 0.72071858
 0.32801696 0.07628771 0.87263371 0.00768409 0.89031321 0.33550269
 0.51486282 0.94569221 0.45791328 0.07228182 0.4627572  0.69526276
 0.2904227  0.42447104 0.55608086 0.44970028]