[0.59599324 0.95071336 0.54903495 0.85020522 0.87324839 0.23418394
 0.62485215 0.05950088 0.06795061 0.51275637 0.3845165  0.15626347
 0.62265833 0.84725792 0.97956462 0.71941406 0.49740577 0.45352506
 0.96680895 0.05752731 0.49846765 0.0833035  0.57602094 0.16845181
 0.52838934 0.43521202 0.38104706 0.45197422 0.767944   0.92800438
 0.89777074 0.82833197 0.9951309  0.78630877 0.03344516 0.92280057
 0.69861073 0.47473893 0.80838879 0.81865061 0.08429214 0.76984851
 0.62095016 0.17192664 0.8068994  0.81684226 0.81332541 0.21151672
 0.82265457 0.00782645 0.90836599 0.6108306  0.24731001 0.4719842
 0.50888102 0.53960147 0.67482784 0.71443691 0.67075169 0.17541288
 0.2797192  0.77256263 0.05228029 0.77968896 0.78414978 0.47754172
 0.09165857 0.61010836 0.0896442  0.62919614 0.36437025 0.85131862
 0.15158158 0.3841685  0.99257008 0.78862276 0.66333476 0.85475812
 0.75565269 0.87444339 0.14565072 0.44997596 0.52771764 0.32450819
 0.0999126  0.94818081 0.41260819 0.9748599  0.48556627 0.01996058
 0.79179163 0.06842595 0.51343234 0.07789492 0.86866151 0.24278591
 0.73073041 0.86854223 0.72405213 0.25682858]
[0.00507437 0.35614617 0.28280382 0.55564182 0.38032737 0.69712921
 0.41702834 0.73651477 0.55439792 0.40175509 0.80253066 0.35851608
 0.38788508 0.49678111 0.61889017 0.84119696 0.90723417 0.55923388
 0.08891525 0.42199244 0.85219143 0.90858342 0.9543815  0.30721429
 0.03344109 0.40562793 0.87742032 0.8387053  0.458813   0.93589396
 0.61694889 0.10360474 0.55017955 0.54666797 0.26887397 0.4755453
 0.47979519 0.67477029 0.80484771 0.41366946 0.90282451 0.44669074
 0.53688057 0.30632108 0.49613782 0.70344916 0.27363604 0.98715349
 0.91091836 0.91403732 0.31516211 0.4870084  0.5560114  0.23607496
 0.87441459 0.45846648 0.77736162 0.04006238 0.53146441 0.47527876
 0.31960772 0.72067072 0.34021348 0.6598203  0.37383217 0.39585889
 0.65288571 0.42675031 0.02432648 0.11708161 0.70337299 0.37815301
 0.84629994 0.8300881  0.92740657 0.31893167 0.24894907 0.40634531
 0.64762579 0.92157703 0.26310595 0.06772841 0.1303884  0.18423799
 0.10307494 0.23513299 0.00153703 0.67996335 0.60327264 0.06341183
 0.48676038 0.24835381 0.01737773 0.35357442 0.76638391 0.41157836
 0.13516995 0.47950924 0.43127065 0.06833029]
[0.45114183 0.09018487 0.12890478 0.23988428 0.92411477 0.57460023
 0.80245119 0.05325947 0.27790238 0.27573971 0.98899731 0.72946137
 0.57386524 0.84647577 0.63528015 0.2908871  0.47255103 0.43767592
 0.68083727 0.10902238 0.81763806 0.5016861  0.39694205 0.25153255
 0.07437496 0.26160837 0.6456898  0.20546857 0.63244599 0.739968
 0.94076021 0.08061803 0.25162842 0.36569377 0.29339629 0.35868464
 0.68978423 0.83369658 0.27423874 0.18029766 0.17804549 0.16012757
 0.2286914  0.16342259 0.24370679 0.78789756 0.46032878 0.31784951
 0.72017012 0.55884662 0.66812354 0.14961841 0.30929401 0.57580823
 0.07890398 0.09627757 0.09717215 0.33477909 0.32584561 0.35782465
 0.36316208 0.01308133 0.92388931 0.47844793 0.82301791 0.32890746
 0.33162494 0.9795648  0.02305904 0.58707048 0.87571377 0.41394077
 0.3046524  0.81861815 0.85023916 0.97320937 0.45933465 0.04785335
 0.68025289 0.90431958 0.90270811 0.69602663 0.82069644 0.06959516
 0.12006629 0.63274971 0.07654621 0.82222215 0.63340288 0.36186528
 0.52102127 0.57790054 0.68446931 0.87878976 0.71923571 0.09839224
 0.91597013 0.4812068  0.72570027 0.41940299]
[0.51344894 0.16919528 0.54975154 0.40684181 0.76872144 0.40548733
 0.89083444 0.23590371 0.38338065 0.32469273 0.56046852 0.31288326
 0.52305966 0.42082246 0.99619523 0.39355365 0.84550084 0.3467203
 0.81255333 0.89933315 0.38734732 0.27774432 0.27256188 0.50061228
 0.10490472 0.19894122 0.31961815 0.86975953 0.42750386 0.6563428
 0.78010796 0.07658511 0.33867606 0.74924229 0.51396577 0.29613984
 0.9517767  0.63554227 0.2997225  0.57749436 0.34507877 0.96978152
 0.41140716 0.67394069 0.94928993 0.50772024 0.29851473 0.26385203
 0.03358076 0.7429631  0.54154399 0.85806562 0.22825863 0.86372892
 0.77915036 0.29466549 0.0487817  0.95671878 0.83689392 0.08807695
 0.73565473 0.40514969 0.34270102 0.62650094 0.37074761 0.63790971
 0.54831413 0.98023451 0.82916774 0.79107042 0.49478181 0.86295135
 0.62573163 0.13863703 0.63338262 0.51037791 0.29330289 0.56247939
 0.20390387 0.02234351 0.66743577 0.10649261 0.08597589 0.0468845
 0.21362269 0.4102209  0.09537422 0.5579822  0.60829006 0.49053717
 0.6555755  0.6538969  0.07442386 0.21579455 0.07613202 0.69019185
 0.56690805 0.48366592 0.86586077 0.20467669]
[0.98930907 0.51086327 0.84223592 0.30079576 0.18472788 0.53726951
 0.42892402 0.70690468 0.46864181 0.17253522 0.05692293 0.97472057
 0.75924122 0.02591956 0.6913572  0.4133203  0.14192306 0.38729328
 0.42722305 0.52243337 0.2482431  0.33957923 0.6484641  0.04074473
 0.53552807 0.25336371 0.87973471 0.97539146 0.03822377 0.44469098
 0.23076686 0.60990571 0.0514775  0.59105792 0.32488387 0.53724457
 0.42715827 0.42467097 0.76440902 0.0527708  0.6794139  0.28273179
 0.48795701 0.68500212 0.51830294 0.75533038 0.33702728 0.7803938
 0.49521124 0.43700154 0.12495869 0.0957263  0.72241044 0.45346858
 0.1010273  0.46276876 0.69139248 0.77586039 0.24101785 0.71301068
 0.24890283 0.03887342 0.75140101 0.84113737 0.76524929 0.59392623
 0.29344904 0.4064133  0.03829215 0.78058934 0.90052049 0.30519093
 0.24214863 0.41790995 0.36791328 0.87290872 0.26710164 0.47163386
 0.64530035 0.33524803 0.03567359 0.82156204 0.68311058 0.19448941
 0.93846169 0.5196653  0.09759841 0.50661804 0.89213341 0.74268833
 0.21605148 0.89300457 0.34746481 0.27237745 0.9564928  0.86252821
 0.10561773 0.0482828  0.11960404 0.13366586]
[0.76631209 0.57669455 0.5980972  0.71536356 0.52353926 0.35063628
 0.14844391 0.86495126 0.74800115 0.00334436 0.70978401 0.93684852
 0.00542142 0.81854761 0.55652147 0.62010403 0.56111897 0.15452076
 0.02158537 0.10946674 0.38199867 0.36079526 0.58759066 0.65289491
 0.36512103 0.15946225 0.49402871 0.18067697 0.17000064 0.67036604
 0.4515149  0.92276525 0.87705347 0.09583123 0.66881604 0.80860533
 0.84045617 0.37359843 0.20238354 0.96767689 0.31539071 0.29848313
 0.35315345 0.80622464 0.65433519 0.6946789  0.31387852 0.17116257
 0.40530667 0.42862201 0.70102356 0.94698544 0.07629512 0.37077795
 0.52275804 0.40637436 0.29243576 0.07683549 0.60434161 0.8059261
 0.40333904 0.07877165 0.8007535  0.9960437  0.94715322 0.66836983
 0.86586938 0.21104806 0.89508366 0.63784184 0.98343361 0.86605052
 0.17510456 0.1452638  0.65543559 0.82440374 0.94324574 0.97493923
 0.06728547 0.13611139 0.00387357 0.54908097 0.9109799  0.08354045
 0.35907452 0.13557675 0.8859662  0.94338191 0.71636245 0.83522984
 0.31148944 0.55582604 0.51744442 0.94763479 0.96609042 0.80830516
 0.90685186 0.57528628 0.83891712 0.60979976]
[0.61495679 0.95634383 0.6799881  0.54767194 0.98399191 0.66178079
 0.10777291 0.36448729 0.32447507 0.8460363  0.37224648 0.17206895
 0.37512694 0.94528508 0.57772133 0.85721139 0.24476922 0.20966592
 0.00681132 0.22696565 0.27784781 0.61653404 0.6429804  0.91741765
 0.61632685 0.30436831 0.49364406 0.69479415 0.69628379 0.38521066
 0.11833901 0.11006961 0.32613835 0.24986422 0.03507119 0.98154735
 0.15615705 0.99614396 0.03251698 0.50899232 0.18890714 0.59661471
 0.89496977 0.6649723  0.17036266 0.5315822  0.79129586 0.39638455
 0.01011927 0.51264    0.94776864 0.54143457 0.93762947 0.20569134
 0.07191513 0.7613423  0.26607763 0.56252802 0.16391126 0.48479374
 0.97913166 0.97594467 0.67976942 0.48224942 0.91406147 0.24617432
 0.78317288 0.80714729 0.22813326 0.31156708 0.53372473 0.50255391
 0.39785947 0.67435751 0.7971747  0.13155089 0.94761339 0.41246142
 0.20054686 0.43600833 0.86425315 0.70449968 0.23516701 0.18381167
 0.0567951  0.12600493 0.65594769 0.47833043 0.49527839 0.12174252
 0.47854847 0.56850556 0.37947948 0.52216738 0.62524919 0.17654897
 0.4421144  0.57988898 0.23355739 0.38029079]
[7.13680699e-02 3.54047166e-01 8.59757595e-01 9.25792376e-01
 3.66445077e-01 4.74829582e-01 3.76338035e-01 8.59438341e-01
 4.77523135e-01 6.14516312e-01 6.63645049e-01 8.40501175e-01
 3.45540126e-03 3.09529095e-01 3.59441400e-01 1.96936418e-01
 4.96167624e-01 3.84366280e-01 3.05046867e-01 4.94867926e-01
 5.12684261e-01 1.11957734e-03 1.37126913e-01 6.46858452e-01
 7.40627155e-01 5.12695700e-01 7.63942662e-01 8.73089559e-01
 4.47130571e-01 5.00845300e-01 9.11220577e-01 9.36987737e-01
 2.44484477e-01 7.28785746e-01 9.65287286e-01 1.31698082e-01
 7.37236522e-01 4.64246980e-01 9.10956446e-01 4.36710819e-01
 3.63591116e-01 4.30076788e-01 6.41946625e-01 6.60300140e-01
 6.08466115e-01 9.56923438e-01 5.90805175e-01 6.15226696e-01
 1.74450457e-01 6.74391300e-01 1.49574260e-01 4.71391796e-01
 2.63640115e-01 9.94885905e-01 9.60931310e-01 6.00664546e-01
 4.64098290e-01 6.88402981e-01 5.04743375e-01 4.81457443e-01
 2.14433543e-01 5.30282055e-01 4.32112963e-01 5.96382537e-01
 2.95362833e-01 1.65445675e-01 2.19430477e-01 5.54594947e-01
 6.01941026e-01 1.25276058e-01 4.89563920e-01 1.87967035e-01
 2.02351915e-01 2.80126428e-01 7.06471674e-01 5.38057370e-01
 4.49214114e-01 2.71382440e-01 2.55624271e-04 6.11701626e-01
 9.67468023e-02 5.50784937e-01 9.06989809e-01 5.50763525e-01
 4.02218382e-01 8.78996688e-01 9.37771700e-01 3.18059983e-01
 2.84880142e-01 1.17305644e-01 2.37531735e-01 9.98056761e-01
 5.46367249e-02 6.90342429e-02 4.59328543e-01 6.19484848e-02
 3.38048655e-01 5.35463789e-01 3.11499651e-01 9.25478629e-02]
[9.14007980e-01 6.68174781e-01 8.53447604e-02 5.94397067e-01
 2.25567533e-01 5.67110880e-01 3.46605505e-01 1.70121460e-01
 2.06033077e-01 6.20861484e-01 3.87614063e-01 6.29314807e-02
 9.57030636e-01 2.31564270e-01 7.48706476e-01 8.82414228e-01
 6.80827185e-01 8.45140213e-01 6.80910060e-01 5.97563891e-01
 3.48886094e-01 5.16269769e-01 2.56644282e-01 6.80050620e-02
 1.96322562e-02 8.91463505e-01 3.35303371e-01 4.97514522e-01
 7.51718727e-01 7.82972449e-01 4.66389167e-01 6.38554237e-01
 2.96435461e-01 4.05126889e-01 2.04730961e-01 9.23391614e-03
 2.51038453e-01 3.77558696e-01 7.03901808e-01 7.69578808e-02
 5.89874280e-01 5.67341585e-01 6.30089492e-01 5.40099145e-01
 6.95471585e-01 1.88203468e-01 8.55901215e-01 3.85414932e-01
 2.06126996e-01 6.50102366e-02 7.34577879e-01 8.02236591e-01
 1.38799912e-01 5.94465850e-01 6.37997945e-02 6.41481181e-01
 6.53268406e-01 9.14571250e-01 5.45945772e-01 8.24399839e-01
 3.11284565e-01 4.78803142e-01 5.82184470e-01 9.08850132e-02
 9.90501606e-01 2.47407200e-02 2.00126335e-01 5.28907573e-01
 9.33365381e-01 9.74459514e-01 7.79902130e-01 1.73003814e-01
 6.02309880e-01 3.58561349e-01 3.86291252e-01 6.10998899e-01
 4.30280438e-01 8.17447478e-01 1.88071469e-01 9.19840381e-01
 5.15201738e-02 1.74234814e-01 3.94049895e-01 9.57363866e-01
 5.86597774e-01 3.92948516e-01 1.80234159e-01 3.81629776e-01
 4.37407585e-01 7.37945967e-01 8.39809814e-04 3.60374826e-02
 2.93609662e-01 1.69533499e-01 1.78502868e-01 2.64473423e-01
 8.70130435e-01 2.09412801e-01 6.14373205e-01 9.04514712e-01]
[0.57901283 0.98801756 0.98985934 0.03795403 0.57544095 0.26305436
 0.94151146 0.75359141 0.35201063 0.58998377 0.45549021 0.8210158
 0.31501053 0.41693481 0.66152051 0.14420337 0.6019928  0.82915107
 0.42566911 0.95356325 0.01167514 0.28886343 0.34356274 0.66636402
 0.62043516 0.93360837 0.77412762 0.28096479 0.48472337 0.49092649
 0.16872936 0.91147457 0.5302211  0.0620552  0.57022286 0.35721791
 0.21373437 0.3814315  0.79319342 0.03199513 0.6043931  0.63261347
 0.6429697  0.45041841 0.33892221 0.37702436 0.7326012  0.84789697
 0.30541094 0.64485342 0.91075759 0.64304146 0.62420436 0.27226268
 0.69620687 0.65564763 0.95171732 0.25759884 0.23623578 0.35417504
 0.38231214 0.15360434 0.49270636 0.30946559 0.30838112 0.47853437
 0.15752199 0.59576179 0.39408376 0.82947243 0.02628313 0.46973703
 0.54426733 0.21986069 0.91347455 0.72445557 0.24971392 0.99196659
 0.34824265 0.6450024  0.2801795  0.58384951 0.08867051 0.04884446
 0.41740789 0.94131479 0.23717596 0.15816214 0.98632909 0.10488025
 0.22780778 0.98824354 0.60398753 0.24496105 0.27512459 0.06538867
 0.55801506 0.79208284 0.20009303 0.86314567]
[3.44030670e-02 6.21559168e-01 9.28985407e-01 4.14388887e-01
 1.78388142e-01 2.11814533e-01 5.71210366e-02 5.84547245e-01
 1.76735773e-02 7.52470059e-01 3.73806307e-01 5.88178437e-01
 3.02363731e-01 6.98389316e-01 3.82805753e-01 1.81811327e-01
 5.76003226e-02 9.43605232e-01 3.46078834e-01 5.59931851e-01
 3.13771149e-01 2.17274791e-01 9.57282674e-02 3.03895794e-01
 5.30275009e-01 6.16163416e-01 4.20578368e-01 6.67185978e-01
 8.12150710e-01 7.49358021e-01 3.67084286e-01 3.57505085e-01
 5.96384612e-01 4.99940822e-01 3.48595863e-01 5.48957836e-02
 1.16162794e-01 3.08449361e-01 2.90031546e-01 8.69123684e-01
 9.64494056e-01 8.18880925e-01 9.93945908e-01 2.39595511e-01
 3.90313582e-01 5.85826487e-01 6.84590426e-02 1.22545597e-02
 6.60972838e-01 1.65366512e-01 8.42078957e-01 6.05857587e-01
 5.58532619e-01 4.32877144e-01 2.00482471e-02 5.91268430e-01
 6.57471586e-01 7.13459784e-01 2.30169124e-01 3.47460862e-01
 5.77328894e-01 4.51996507e-02 5.69683269e-01 3.76832878e-01
 7.56409381e-01 1.60483696e-01 7.77376898e-01 4.84796473e-01
 7.63031118e-01 4.88157475e-01 8.73699666e-01 4.45214289e-01
 8.43901245e-01 9.45489307e-01 8.69748967e-02 9.35146065e-01
 6.71544298e-01 2.63084497e-01 9.48488766e-01 7.66484469e-01
 9.85927598e-01 8.50376625e-01 7.03800103e-01 4.31086924e-01
 3.58632941e-01 6.84799086e-01 4.32598139e-01 1.12065301e-01
 9.80103044e-04 8.13199755e-01 9.99128446e-01 9.40047626e-01
 7.48671228e-01 7.50177647e-01 3.61147516e-01 6.99985623e-01
 4.78730046e-01 3.16569678e-01 7.61154121e-01 8.67439573e-01]
[0.71263056 0.28145934 0.13171242 0.74974452 0.54491086 0.51348258
 0.21431518 0.8963368  0.22781505 0.26727593 0.07354072 0.83042494
 0.13498223 0.70186608 0.065598   0.52396108 0.33194488 0.01484604
 0.60146473 0.92932655 0.60502487 0.53198446 0.50005852 0.1666439
 0.77175796 0.9559616  0.76948287 0.92739598 0.25473174 0.00845516
 0.49105839 0.65580011 0.94805477 0.98584561 0.64840079 0.03407744
 0.71797402 0.28437523 0.81348183 0.22939017 0.48294934 0.74010954
 0.61571704 0.33037381 0.73139096 0.17462403 0.91003325 0.99711581
 0.99859188 0.05752717 0.3425796  0.89051571 0.39911414 0.28327563
 0.05381065 0.48602913 0.12466216 0.45393295 0.92859739 0.27727871
 0.96805934 0.32133904 0.63513448 0.66760834 0.689634   0.35498989
 0.16642605 0.85996512 0.0827385  0.23557781 0.27283563 0.70055334
 0.22169034 0.30464023 0.76612453 0.92978837 0.58142589 0.92092117
 0.62509958 0.9843834  0.12164715 0.40677637 0.11237298 0.85810083
 0.74777691 0.75745461 0.41137836 0.1712838  0.28655737 0.6071438
 0.32595323 0.72664201 0.38880221 0.52918867 0.72918442 0.25377729
 0.70475785 0.63150233 0.00976458 0.34536366]
[0.02052969 0.2013892  0.36345729 0.28680729 0.08362638 0.6111062
 0.67342529 0.92844318 0.51341855 0.28998512 0.11798527 0.99536008
 0.29515624 0.05265294 0.01908318 0.79448713 0.36728529 0.22574085
 0.56269475 0.86010687 0.79379787 0.29565906 0.79649836 0.92364378
 0.40007396 0.7357996  0.40705376 0.14320823 0.16078536 0.01827266
 0.00551078 0.22168574 0.89581874 0.64657491 0.1424511  0.47860343
 0.75677427 0.09950941 0.06381475 0.80802691 0.68719978 0.27819244
 0.59050529 0.06032771 0.54455328 0.50281498 0.32561789 0.74024334
 0.74726482 0.64568006 0.53095609 0.6723772  0.85471184 0.80423983
 0.03913817 0.83582557 0.17941069 0.65894326 0.44928502 0.73968578
 0.84873486 0.81857238 0.33296938 0.13408437 0.71831578 0.99868159
 0.91133582 0.89977566 0.18158337 0.83253833 0.33488034 0.42917816
 0.11969806 0.18367202 0.07471168 0.16755126 0.37965749 0.19072454
 0.39416616 0.50119883 0.85836569 0.71934619 0.41922577 0.10661657
 0.92976266 0.28836467 0.11381588 0.43625644 0.64821332 0.62573769
 0.50281387 0.1612284  0.33506102 0.72889181 0.9414325  0.96011059
 0.49534269 0.79254774 0.08216656 0.63835199]
[0.10370536 0.86723486 0.23663823 0.49184085 0.10381394 0.72299651
 0.69635569 0.28920615 0.33911186 0.74338783 0.34224003 0.80840804
 0.04799551 0.74182855 0.31365062 0.61485133 0.66199859 0.90287329
 0.57447703 0.33022706 0.89962769 0.68829008 0.09470749 0.0257469
 0.55411758 0.44316233 0.40883326 0.07080087 0.52491519 0.69049071
 0.17989282 0.61134669 0.09869176 0.18252455 0.29069873 0.27747821
 0.15669869 0.44482058 0.05649719 0.1479035  0.72860793 0.52560493
 0.38160879 0.67823408 0.47748376 0.91039193 0.54683976 0.47753854
 0.39458907 0.41632589 0.00334563 0.10186462 0.19415379 0.15433979
 0.09091084 0.63331348 0.10697782 0.29116101 0.61676725 0.91843945
 0.79189356 0.3435018  0.45842842 0.49291994 0.92456607 0.34576417
 0.54208337 0.40227241 0.05473768 0.84697223 0.8614473  0.53176952
 0.27124541 0.42871978 0.53444979 0.3032897  0.30389633 0.8079615
 0.93223973 0.54107992 0.35282931 0.83820744 0.29341675 0.28936883
 0.08717784 0.37035879 0.4648145  0.79305788 0.21563291 0.19106988
 0.89049912 0.75356128 0.74780548 0.96136605 0.73413148 0.83382268
 0.14106801 0.26912475 0.9535661  0.38351954]
[0.24588322 0.47800032 0.81025855 0.03780196 0.11776036 0.36789687
 0.28778863 0.11419932 0.93628293 0.16235399 0.03389128 0.72561952
 0.70425731 0.83237151 0.80957516 0.69158204 0.66654775 0.52461194
 0.1453462  0.30707994 0.85601277 0.30478539 0.01994491 0.75436507
 0.87328858 0.48449149 0.22026092 0.59984162 0.56836089 0.7147623
 0.25051697 0.99974916 0.36230322 0.27344649 0.64345924 0.47386472
 0.55346236 0.22180597 0.66834706 0.19687563 0.71777349 0.59058566
 0.36234069 0.73780671 0.77582296 0.86943113 0.09770901 0.90496637
 0.17383178 0.60270745 0.08820122 0.72650474 0.0929649  0.98743614
 0.19129584 0.71806847 0.4859206  0.04902514 0.91524272 0.73838723
 0.6254249  0.49022332 0.63662875 0.09589073 0.75357533 0.34856085
 0.02396445 0.02014758 0.45423653 0.69785787 0.59588124 0.20710385
 0.90886461 0.29083601 0.89040151 0.92177494 0.68208135 0.25543016
 0.0482308  0.71454029 0.06701382 0.0287809  0.22462336 0.91803307
 0.99383466 0.16490998 0.86668158 0.10884051 0.34905407 0.24492883
 0.62777685 0.14921926 0.58955179 0.00716464 0.72892467 0.97681651
 0.29879597 0.95813221 0.10426818 0.68243426]
[0.35213695 0.11687118 0.71065853 0.62628231 0.4846449  0.54558027
 0.2267418  0.89217382 0.23999695 0.72524463 0.85767397 0.50049606
 0.27572333 0.11388968 0.09213918 0.67441746 0.87752519 0.13784032
 0.06521079 0.83887604 0.7166323  0.22314356 0.70095154 0.36543353
 0.55553181 0.07358611 0.10767233 0.19713965 0.01644618 0.87267753
 0.21805702 0.48577182 0.44496528 0.43180052 0.98586046 0.12017048
 0.95804062 0.25451724 0.80581605 0.43717414 0.51301159 0.2408412
 0.19301416 0.39327725 0.12556385 0.58279825 0.13223476 0.86862477
 0.80005099 0.30495226 0.22665179 0.22230111 0.34196593 0.81358822
 0.87465667 0.11854236 0.5487795  0.91475014 0.7375233  0.51174027
 0.94035098 0.41655899 0.26331301 0.8449847  0.8751697  0.33831222
 0.15011923 0.57013186 0.05822542 0.79665071 0.59775709 0.50453714
 0.78044787 0.47220249 0.95060136 0.48825829 0.47786725 0.62206377
 0.13901736 0.7888994  0.07184136 0.24775316 0.85147622 0.78169015
 0.08158394 0.3144539  0.67620528 0.53897931 0.75875484 0.69050113
 0.48906691 0.32503958 0.17588515 0.40456874 0.61371628 0.58482691
 0.56763983 0.50703148 0.85296466 0.70385682]