[0.14466488 0.95578467 0.07345815 0.98075107 0.64726471 0.01130117
 0.27862614 0.74843751 0.09673144 0.15129316 0.49916087 0.34511056
 0.79038368 0.54014845 0.08775243 0.68581617 0.96435708 0.94955684
 0.87526542 0.18609528 0.58003933 0.97157488 0.32545248 0.06271751
 0.96507317 0.01449078 0.0480324  0.14767562 0.51057447 0.17037025
 0.00177678 0.10271842 0.77867391 0.97571566 0.06642228 0.33236859
 0.04929361 0.37799956 0.05314103 0.03873218 0.2646674  0.47512604
 0.62887099 0.69546469 0.63852605 0.9187558  0.56901286 0.23388511
 0.11155314 0.46632039 0.2437471  0.21378066 0.01101251 0.56275224
 0.50298596 0.5307875  0.51217377 0.68047101 0.18159336 0.49224177
 0.66813009 0.09787265 0.195948   0.15916608 0.04876259 0.81875606
 0.67546252 0.05889456 0.62586776 0.76170084 0.49765448 0.4901432
 0.74707104 0.52925838 0.00259543 0.51156247 0.73308482 0.55365952
 0.55428286 0.99103661 0.18886317 0.58909868 0.76735761 0.99005472
 0.47946147 0.7954604  0.77111028 0.55144441 0.8133921  0.88391473
 0.27819133 0.12834315 0.03022251 0.831312   0.31086899 0.14801923
 0.20462134 0.09911923 0.03039671 0.21691453]
[0.42218752 0.80789529 0.54766341 0.4047543  0.88684632 0.28044349
 0.32449993 0.3064484  0.08914204 0.8057456  0.37890616 0.75392789
 0.43716108 0.74135817 0.50690986 0.80539821 0.07980805 0.41941771
 0.55757205 0.24008005 0.37197484 0.56813915 0.67965694 0.01409877
 0.57856224 0.77657651 0.25686275 0.20357249 0.24555562 0.3468616
 0.86775746 0.70795544 0.90791915 0.04549326 0.40528959 0.88450671
 0.88787083 0.66868682 0.63840535 0.52572883 0.93062281 0.75732562
 0.55252142 0.11033086 0.30023254 0.03289115 0.26999395 0.26841249
 0.29152195 0.03070312 0.31492643 0.50674063 0.75473842 0.33176366
 0.59695484 0.57320436 0.81204273 0.28083546 0.00216233 0.42695831
 0.12306663 0.71035426 0.02491713 0.94891381 0.32571996 0.6222169
 0.49594516 0.46233886 0.36709843 0.42704227 0.1974822  0.40356919
 0.50243789 0.27686063 0.79339334 0.02356271 0.63508405 0.80645324
 0.03719782 0.12653876 0.23055129 0.00603962 0.24100002 0.59004182
 0.41456332 0.00240389 0.012739   0.46193198 0.80334748 0.91320827
 0.47811992 0.6242022  0.40502375 0.45490255 0.20528599 0.1791069
 0.6409638  0.87817382 0.3446879  0.13596495]
[0.77321263 0.92837796 0.65681308 0.42801368 0.21415798 0.11792067
 0.58063257 0.92661681 0.69699974 0.44080855 0.29950711 0.65226647
 0.96284601 0.44482799 0.04142674 0.04139192 0.33717952 0.46023039
 0.75722722 0.02443085 0.22339137 0.03623701 0.82704674 0.16829756
 0.91122715 0.85511544 0.6587431  0.28781158 0.04291282 0.82450991
 0.68608867 0.84996351 0.16293421 0.3319248  0.02488807 0.52418888
 0.90215181 0.89471963 0.24055067 0.53845728 0.89607471 0.35359637
 0.90513806 0.72463849 0.77872281 0.01059217 0.32819052 0.22207722
 0.4524806  0.15973765 0.77055916 0.02673032 0.97944935 0.79535139
 0.41945591 0.65501519 0.9855955  0.06516703 0.7187657  0.91628026
 0.25093664 0.03492779 0.77132568 0.59183606 0.30202136 0.58530116
 0.60149451 0.64117051 0.88081179 0.91360001 0.78004306 0.08474278
 0.5722905  0.59382465 0.09321738 0.44741697 0.51363291 0.70505626
 0.4182685  0.1028862  0.83632127 0.21862274 0.4177206  0.63876316
 0.55466773 0.66782721 0.5570625  0.28265353 0.96943944 0.50153549
 0.94029972 0.07622953 0.59638871 0.78063902 0.06068989 0.51971165
 0.16706617 0.41934519 0.19447207 0.42193165]
[0.6346582  0.01342568 0.05242077 0.53260264 0.36346147 0.90304703
 0.3709168  0.96322366 0.57051166 0.94212073 0.48428705 0.60230407
 0.52358405 0.31593924 0.50023322 0.64427116 0.84802969 0.12830636
 0.652704   0.72736302 0.02760781 0.07368702 0.59892136 0.73015815
 0.97312589 0.37794406 0.77008519 0.39864959 0.82897706 0.39848078
 0.69941306 0.177685   0.89214388 0.06057862 0.02812239 0.30316873
 0.5772995  0.84819752 0.24512985 0.92678869 0.38831768 0.97942189
 0.19079588 0.68708983 0.48200121 0.24550751 0.45639993 0.53689367
 0.39720993 0.02411031 0.7277829  0.60137017 0.03362859 0.69804748
 0.98241085 0.65960214 0.35997509 0.30958143 0.7334077  0.2762486
 0.29537392 0.01840786 0.37003785 0.17352297 0.24537321 0.22258969
 0.70732944 0.77291036 0.97319263 0.28321887 0.51618118 0.19694299
 0.24424095 0.71504487 0.81089673 0.55078082 0.43810337 0.31231126
 0.85807733 0.92263449 0.60953767 0.25765811 0.94080633 0.21158294
 0.35246817 0.37470809 0.03942214 0.43657682 0.59924054 0.65139746
 0.8021017  0.93183902 0.60653331 0.06738465 0.01228114 0.08823907
 0.46193406 0.99798118 0.76604303 0.72313448]
[0.8994351  0.41044444 0.40601662 0.57641081 0.03850867 0.80850425
 0.24946676 0.2231628  0.40113458 0.1267292  0.35161245 0.43204031
 0.24235803 0.254499   0.30965573 0.60034182 0.35363799 0.13883879
 0.3897017  0.57644733 0.96011533 0.18702537 0.04117298 0.28844107
 0.73788759 0.84300957 0.26356594 0.40057163 0.8581786  0.70775539
 0.86049424 0.74056823 0.35726414 0.30480206 0.95515262 0.58798508
 0.33793684 0.69764203 0.51075556 0.76886878 0.5453237  0.47646565
 0.32522933 0.04116982 0.63348609 0.44201802 0.29772671 0.76826261
 0.55774503 0.46087841 0.72113426 0.57271678 0.598808   0.03063786
 0.51634541 0.21221393 0.48485623 0.74357525 0.24194625 0.66922107
 0.33003339 0.49352915 0.40170558 0.03969597 0.52203959 0.88563183
 0.48449346 0.00840302 0.70828471 0.16023476 0.46643848 0.60721432
 0.60890615 0.22172076 0.50247271 0.73570918 0.70466839 0.75010907
 0.55854693 0.75204883 0.66792533 0.2160466  0.51177568 0.413584
 0.42528198 0.36132535 0.36691125 0.50918007 0.41292501 0.71403292
 0.63234498 0.99905576 0.79952936 0.88776886 0.56411268 0.8985461
 0.92643869 0.94276156 0.13266238 0.148765  ]
[0.72903548 0.20062461 0.98578691 0.93017351 0.51495381 0.82687105
 0.55297526 0.84770876 0.05381279 0.96397256 0.01865301 0.31239835
 0.51781098 0.63566875 0.47789729 0.10813107 0.05770035 0.71903186
 0.15688904 0.86563589 0.8408402  0.14803029 0.81316143 0.07735423
 0.32877856 0.14122105 0.23658452 0.57440386 0.34823696 0.67226772
 0.41416039 0.92683812 0.27291423 0.56436243 0.45014151 0.94023068
 0.05606243 0.87912436 0.79416322 0.4102107  0.77894013 0.49266622
 0.78797979 0.78629363 0.27570213 0.51348708 0.47033581 0.19546169
 0.66985616 0.57146487 0.19870414 0.51503221 0.6980738  0.803934
 0.46518346 0.27605991 0.12805332 0.78297336 0.36753045 0.57496811
 0.42892983 0.18579134 0.44633098 0.9605295  0.10991604 0.2774058
 0.74253454 0.02850539 0.9923978  0.21748045 0.58304197 0.4175257
 0.12429762 0.50358114 0.49539849 0.12165646 0.02808397 0.12479676
 0.39647372 0.95055723 0.15697073 0.92401718 0.9996289  0.48971861
 0.10780977 0.2105189  0.35601608 0.33626046 0.5764921  0.87688817
 0.1437201  0.30386107 0.18546217 0.61037704 0.95962686 0.80268856
 0.39697192 0.70493432 0.8464459  0.12704031]
[0.52991383 0.5089332  0.63475409 0.81374166 0.2916005  0.87171175
 0.71878588 0.04345656 0.29027885 0.86373177 0.59044426 0.98162943
 0.46445056 0.00648733 0.65129414 0.91793426 0.25125969 0.85434849
 0.07704969 0.27749366 0.37254323 0.35058906 0.78426388 0.63708931
 0.12825104 0.48355604 0.93081251 0.95986166 0.69798917 0.67337569
 0.02001517 0.67815886 0.28666792 0.22333241 0.99277901 0.49727135
 0.5473699  0.82061467 0.74479139 0.8209589  0.78180937 0.12807981
 0.59789139 0.419438   0.44965716 0.57626196 0.76073136 0.76997785
 0.57498484 0.72332832 0.43974827 0.22368747 0.15509458 0.24074684
 0.87246069 0.9744202  0.22087376 0.54742945 0.65053012 0.7701245
 0.122363   0.78258543 0.19798827 0.78318255 0.41007929 0.4824933
 0.50000297 0.9441507  0.43036311 0.83171704 0.32299371 0.24356809
 0.6822969  0.16459306 0.96897968 0.84636841 0.00385825 0.58506276
 0.06386342 0.89379968 0.22438649 0.61106542 0.13041494 0.97607858
 0.33561853 0.82900443 0.55861705 0.99088425 0.60133583 0.78313113
 0.56221866 0.92795616 0.45052478 0.35492736 0.50856487 0.42084269
 0.10318613 0.02545323 0.6389026  0.59230849]
[0.27586756 0.50739379 0.52240442 0.57790184 0.60051214 0.56987798
 0.47124778 0.67242492 0.16891872 0.80456814 0.8482563  0.28850603
 0.49907441 0.9698128  0.52951896 0.79176224 0.18733675 0.48921509
 0.77406593 0.52400493 0.92321611 0.93863246 0.33150918 0.81190943
 0.78027029 0.8083151  0.64474429 0.6829427  0.96020991 0.19738316
 0.10336654 0.83434378 0.59332017 0.25555131 0.21934161 0.23420806
 0.01603531 0.69604059 0.21389271 0.83470182 0.29916733 0.39210339
 0.42954699 0.96480927 0.82047744 0.90698853 0.55073096 0.08898593
 0.22500494 0.18354223 0.45601957 0.93878292 0.90197139 0.17466906
 0.28329429 0.78353801 0.41058008 0.52111062 0.20418    0.74264786
 0.51531612 0.45423306 0.12841113 0.33731149 0.77464087 0.52523085
 0.22803842 0.35620865 0.7196095  0.97590266 0.55672389 0.60507766
 0.78587296 0.21712305 0.49048519 0.01278504 0.26426993 0.93263454
 0.36099977 0.61870035 0.98837237 0.94179548 0.40324154 0.41054625
 0.78191021 0.62797879 0.84940077 0.59832961 0.71920529 0.25045266
 0.72475324 0.48890657 0.0372374  0.44964226 0.72568662 0.06120704
 0.08273717 0.78492033 0.14100637 0.77515282]
[0.56740659 0.64605575 0.3132182  0.67753464 0.51527995 0.73958885
 0.20896439 0.8195262  0.47577586 0.36592321 0.24039726 0.94939051
 0.58974347 0.80542699 0.94315335 0.47782809 0.73999765 0.08680258
 0.28797829 0.08005349 0.71001495 0.41922238 0.57018353 0.04303311
 0.03506419 0.7074134  0.3939501  0.00479629 0.07298032 0.59543959
 0.94888676 0.99208212 0.7116265  0.98299141 0.3696752  0.19340863
 0.71133054 0.06466343 0.84590753 0.44538022 0.46038063 0.58583627
 0.97587841 0.49205081 0.72748839 0.47719637 0.37221791 0.74709459
 0.19415668 0.52834888 0.67979957 0.54743817 0.80031889 0.00689955
 0.14819833 0.29160391 0.7137109  0.76742259 0.41841107 0.94445638
 0.41552024 0.56788832 0.48555747 0.87988534 0.4534408  0.02057728
 0.52811326 0.77969737 0.0603874  0.82273823 0.61614048 0.14325353
 0.1313122  0.52176409 0.78628888 0.36651711 0.4403634  0.93303609
 0.53644113 0.22145369 0.78877424 0.24271636 0.87279155 0.05664673
 0.00568676 0.62797666 0.71305112 0.83121141 0.27513735 0.68868287
 0.25628889 0.71575449 0.89120781 0.26429636 0.72672248 0.53620965
 0.24020325 0.79339232 0.00674999 0.41325593]
[4.86692741e-01 2.89998714e-01 9.27947973e-01 6.33093659e-01
 5.23923401e-01 1.32964990e-01 7.94303831e-01 1.31059502e-01
 7.51693403e-01 3.68487205e-01 2.44862842e-01 7.19439115e-01
 2.41294588e-01 2.08013561e-01 6.41860228e-01 2.15894438e-04
 5.17744398e-01 9.14189106e-01 9.82047977e-01 2.18330369e-01
 7.08800976e-01 1.23512901e-01 9.54015097e-01 4.05389402e-01
 6.19991114e-02 9.53168292e-01 4.29165623e-01 5.93212988e-01
 2.04020136e-01 9.79015641e-01 8.72888492e-01 5.02630644e-01
 7.84838700e-01 7.90393924e-01 9.10647300e-01 4.54165725e-01
 2.11629445e-01 6.21671812e-02 5.98149398e-01 7.56759587e-01
 2.76927493e-01 7.34427828e-01 5.45530998e-01 4.37459571e-01
 5.06085446e-01 2.86970691e-01 7.24826869e-01 2.90613631e-01
 8.07721565e-01 8.43532284e-01 3.92979367e-01 7.47279817e-01
 4.78780805e-01 7.87324039e-01 8.26982590e-01 9.24661782e-01
 6.79001254e-02 2.94212003e-01 8.08622176e-01 6.61029806e-01
 1.53352549e-01 7.20527890e-01 1.40473002e-01 3.30175065e-01
 9.93731735e-01 3.14526478e-02 2.55260150e-01 3.39759386e-01
 8.08669692e-01 6.69155986e-01 8.72700404e-01 5.70577724e-01
 3.22319198e-01 4.99586552e-01 1.25093089e-01 1.00908066e-01
 6.74033791e-01 1.07226890e-01 4.13441545e-01 9.04918912e-01
 6.23502489e-01 1.59126318e-01 8.21357496e-01 4.37579123e-01
 6.85841172e-01 4.56055112e-01 6.59907340e-01 9.29873020e-01
 8.94295715e-01 1.10824402e-01 9.50610998e-01 2.81763161e-01
 6.31241967e-01 8.92079671e-01 7.14304986e-01 2.44324719e-01
 9.07857705e-01 8.56583482e-01 8.17252529e-01 9.08188727e-01]
[0.36050048 0.06230562 0.1423966  0.06315658 0.53685794 0.38186062
 0.7783567  0.57404937 0.8537213  0.02527486 0.7915215  0.46728255
 0.35806949 0.80506817 0.13584525 0.92084075 0.36875002 0.70357537
 0.5071968  0.60134222 0.58650747 0.9563915  0.19532445 0.66762057
 0.06875252 0.88675152 0.02828182 0.59710897 0.31597244 0.51650857
 0.91993276 0.44362895 0.68987579 0.40879663 0.61546299 0.26575424
 0.80970757 0.26794224 0.13477555 0.05728552 0.18284897 0.49500719
 0.43094892 0.96871098 0.73917342 0.90707788 0.22423928 0.63859245
 0.2628776  0.95601061 0.77748771 0.45231    0.22592764 0.57789324
 0.94887628 0.56144888 0.51307302 0.02967766 0.23999688 0.37649929
 0.05014932 0.52089072 0.72053744 0.71170467 0.06568907 0.6458504
 0.87500443 0.60916787 0.93047423 0.39906936 0.89660001 0.04568512
 0.01726677 0.44533151 0.60552594 0.81060706 0.71445697 0.64284945
 0.95671909 0.052639   0.51686316 0.64084459 0.09898905 0.99623537
 0.05349883 0.13170823 0.53548518 0.48569941 0.45978419 0.45039485
 0.92912843 0.5210458  0.25525688 0.08215926 0.12791451 0.99162967
 0.26663515 0.86224704 0.53383086 0.17222146]
[0.92728922 0.83103321 0.48434124 0.09947808 0.36098095 0.35927078
 0.16608592 0.99655628 0.46569175 0.10596655 0.75176834 0.32634237
 0.79320376 0.22380335 0.66658452 0.79813334 0.37211289 0.4888199
 0.55992769 0.19570242 0.0189188  0.97257208 0.84040234 0.42402087
 0.48148254 0.42613518 0.99593616 0.37861861 0.83660153 0.31617975
 0.97182387 0.04405241 0.58634562 0.5178145  0.27695468 0.96393541
 0.83534369 0.64706401 0.26058681 0.91458961 0.69320757 0.43103003
 0.04423387 0.84742257 0.19401896 0.7591615  0.20528695 0.41030111
 0.61971923 0.81052247 0.94974887 0.9299396  0.29595621 0.87116223
 0.52052391 0.78176404 0.45683562 0.09629712 0.41425269 0.21426054
 0.48657206 0.03011808 0.86198331 0.55907991 0.28735583 0.55238742
 0.83522186 0.52499394 0.21824875 0.63728767 0.06523728 0.42358152
 0.27015705 0.63625477 0.43122448 0.25162519 0.47518882 0.96291706
 0.75323653 0.41997503 0.54018021 0.90565001 0.59707856 0.00862045
 0.35797499 0.67919357 0.20797138 0.751009   0.23136053 0.00848365
 0.70863652 0.5732514  0.25884547 0.55001919 0.24349677 0.36443269
 0.49773825 0.21158919 0.19331656 0.70812238]
[0.18991199 0.16115589 0.2030329  0.50067053 0.61155405 0.48444954
 0.18037641 0.87395201 0.03723811 0.08559787 0.49409066 0.11987712
 0.05132197 0.28215376 0.46223357 0.2938142  0.4033485  0.62157388
 0.64826441 0.44829349 0.66343289 0.72812725 0.3966522  0.17404782
 0.75768711 0.40855096 0.20620245 0.02188934 0.08078678 0.9243031
 0.32397294 0.11621653 0.58024306 0.78903876 0.38988536 0.44731163
 0.47236938 0.95171941 0.3966292  0.93724727 0.52441462 0.86072205
 0.09602554 0.57951696 0.85305505 0.8934458  0.55101019 0.04056083
 0.00502697 0.69763747 0.19260941 0.18595988 0.62462478 0.04743702
 0.72370278 0.2114378  0.05703795 0.60524902 0.07280197 0.90746507
 0.39777511 0.78707663 0.93064141 0.85353913 0.57088198 0.05261217
 0.45030011 0.98818475 0.65534686 0.5006308  0.48783582 0.23364665
 0.65875366 0.55837411 0.26732388 0.83149897 0.91346264 0.4716108
 0.65979952 0.55729453 0.14791855 0.57710729 0.68804095 0.26799293
 0.72272079 0.07889808 0.8567432  0.0573384  0.96209253 0.14468034
 0.69743649 0.11946785 0.61185715 0.21500551 0.8482732  0.19711285
 0.64242478 0.56518996 0.74944064 0.8598297 ]
[0.66984863 0.16953375 0.26384408 0.2674072  0.41797786 0.73741801
 0.49376279 0.55782197 0.42803425 0.37093698 0.72985364 0.85819063
 0.47519971 0.38428542 0.35159187 0.89914982 0.56562426 0.16683513
 0.30000121 0.73049151 0.72202767 0.63930483 0.83398918 0.60094861
 0.87184552 0.29948471 0.14135236 0.14682982 0.60988117 0.76120535
 0.84688618 0.37008098 0.80450481 0.20292735 0.46919435 0.59985546
 0.79524379 0.37889451 0.04478153 0.6958915  0.89082387 0.33628004
 0.15748739 0.9419075  0.55500253 0.70724202 0.74779751 0.47965232
 0.94300165 0.74612699 0.67125862 0.47301011 0.81388733 0.82090999
 0.0034336  0.69287382 0.83978879 0.10536912 0.09520048 0.67930708
 0.26610061 0.87023622 0.20416324 0.19946963 0.00484705 0.18810551
 0.76141305 0.53275152 0.34174689 0.07737026 0.08610113 0.59733827
 0.85107077 0.42937508 0.61370117 0.14612772 0.00923252 0.67024639
 0.10595382 0.31658102 0.47560048 0.46187097 0.39307929 0.96669738
 0.32626795 0.86068558 0.21576769 0.6384886  0.16852548 0.75353756
 0.68735591 0.6268745  0.23383128 0.45654208 0.65386725 0.83132828
 0.99323758 0.93091722 0.46630707 0.1934637 ]
[0.1616356  0.67108707 0.38928722 0.45472899 0.38902276 0.67235927
 0.59340622 0.47044938 0.92073305 0.1025019  0.81626693 0.77905262
 0.4567785  0.70092703 0.70937833 0.83271136 0.93877692 0.52968278
 0.23323323 0.98662348 0.58621907 0.93517019 0.13215182 0.06489754
 0.99468164 0.53906737 0.49767778 0.7912207  0.68013053 0.59987933
 0.59335959 0.37860478 0.9002959  0.77597238 0.40686734 0.44763387
 0.19154975 0.9036041  0.48797867 0.22214074 0.7506849  0.5300898
 0.46963719 0.94716384 0.38518563 0.4437596  0.52052258 0.6703575
 0.68340767 0.23158784 0.80480632 0.87576958 0.12568963 0.98749956
 0.70658395 0.47228923 0.61924743 0.8810624  0.49997361 0.53243861
 0.83746065 0.9414853  0.61579404 0.43649399 0.39119488 0.54788599
 0.16006606 0.93509583 0.17296709 0.31245821 0.30615205 0.71445586
 0.56223231 0.37190547 0.17831148 0.50935662 0.25340249 0.11089421
 0.03462197 0.69149038 0.55001094 0.42076619 0.79542564 0.43523722
 0.72265272 0.72073456 0.34462834 0.87433674 0.289872   0.6906053
 0.21093292 0.94944674 0.3744141  0.16486742 0.22953949 0.03057499
 0.81092075 0.89872662 0.19296703 0.06228307]
[8.09178916e-01 2.45866347e-01 9.07158232e-01 2.57427454e-01
 5.90808382e-01 9.29863547e-01 7.49662099e-01 2.79721734e-01
 8.89165800e-01 7.18598151e-01 4.24552621e-01 6.71587714e-01
 7.09101847e-01 2.25554561e-01 6.88598132e-01 7.21743875e-01
 5.75917908e-01 6.59255608e-01 5.19723824e-01 8.30424993e-05
 5.04898356e-01 4.57355875e-01 9.14368210e-01 9.87065842e-01
 7.19391962e-01 7.87603425e-01 5.81842165e-01 5.18789259e-01
 6.22922422e-01 4.78444484e-01 3.68118405e-01 9.40231449e-01
 5.48422666e-01 8.16087388e-01 7.90027132e-01 7.52300550e-01
 9.33709137e-01 6.44943256e-01 7.68214793e-01 9.33115569e-01
 4.44246106e-01 7.91485592e-01 3.66862621e-02 8.85146296e-01
 8.93263979e-01 3.04160066e-01 6.80169678e-01 4.86182618e-01
 6.60555048e-03 1.95211310e-01 1.84987175e-01 1.56815557e-01
 4.22251072e-01 4.91074988e-01 5.98698008e-01 9.24869304e-01
 4.16514651e-01 8.50479278e-01 1.42379463e-01 9.40887704e-01
 4.16208137e-01 4.85219389e-01 8.74344048e-01 4.19700707e-01
 8.96115860e-01 7.91203889e-02 5.90624397e-01 8.25785581e-01
 4.19590080e-01 8.96769628e-01 8.28189089e-01 6.35452335e-01
 2.57859195e-01 9.72025645e-01 4.72028278e-01 2.25271452e-01
 7.85247382e-01 9.44350514e-03 8.33860780e-01 6.49234977e-01
 8.62680778e-01 6.63894823e-01 7.27123046e-01 6.10689426e-01
 8.35784409e-01 9.98236983e-01 1.13475124e-01 4.66440538e-01
 7.68869088e-01 6.58669605e-01 7.11468801e-02 6.06670374e-01
 8.49203306e-01 1.67936126e-01 5.04717058e-01 6.33714833e-01
 5.48527742e-01 2.38895816e-02 6.23565206e-01 7.12185856e-02]