[4.26848495e-01 3.58908577e-01 5.26091797e-02 7.86790727e-01
 1.11550063e-01 6.11919637e-01 6.67878846e-01 7.80216847e-01
 6.25832979e-02 3.47891927e-01 6.86369278e-01 6.83060025e-01
 3.48576262e-01 6.20626371e-01 2.03498254e-01 9.03943707e-01
 7.65040942e-01 7.91744986e-01 7.85005848e-01 4.91020446e-01
 7.74159318e-01 6.78375811e-01 4.74821293e-01 9.92805525e-01
 3.38082850e-01 7.45881012e-02 5.48409639e-03 8.80602249e-01
 1.97463460e-01 2.39208810e-01 5.64218045e-01 6.66807527e-01
 4.73666845e-01 1.66269972e-01 5.93688166e-01 6.31949157e-01
 8.74166730e-01 8.93609101e-04 3.35647273e-02 8.74646230e-01
 3.38738342e-01 6.62446029e-01 8.11408675e-01 8.71759534e-01
 9.25036261e-02 5.86571085e-01 6.36885650e-01 9.93711999e-01
 2.25754724e-01 1.67121349e-01 4.10180829e-01 2.26647251e-01
 3.48554858e-01 7.54180271e-01 8.69953342e-01 7.35023303e-01
 1.55277373e-01 8.04392540e-01 2.78725976e-01 2.50875729e-01
 2.32975684e-01 6.37049926e-01 3.39154290e-01 7.49725993e-01
 7.89483837e-01 1.35184192e-01 8.40499193e-01 5.71006647e-01
 3.24444427e-01 4.24247562e-01 3.21946489e-01 3.41999115e-01
 2.72770186e-01 3.56532884e-01 6.53485977e-01 5.53386750e-02
 3.49753730e-01 3.45684290e-01 4.82881991e-01 6.83281758e-01
 3.53863022e-01 6.99274420e-02 4.37829663e-01 5.04078929e-01
 8.59611923e-01 6.78669138e-01 1.23979409e-01 9.31498822e-01
 5.19040779e-01 9.62773737e-01 6.76281398e-01 5.71540186e-01
 5.14919412e-01 6.66498019e-01 4.47990326e-01 6.73595334e-01
 4.62153246e-01 5.91946066e-01 1.98143742e-01 4.98376869e-01]
[0.58926717 0.21617538 0.56828679 0.60402006 0.93973289 0.6919007
 0.03597147 0.11620069 0.05515212 0.86407343 0.42220478 0.89790101
 0.28758594 0.58255303 0.42588832 0.42447666 0.97973658 0.19264953
 0.52570938 0.90017299 0.05163634 0.04760717 0.16454399 0.75403149
 0.45640192 0.41665907 0.62508701 0.46742529 0.61674859 0.87552275
 0.93334488 0.01576429 0.56451388 0.05331113 0.68772405 0.08542762
 0.08849321 0.29222209 0.58292167 0.1805409  0.37588822 0.21907946
 0.04789176 0.61675263 0.66078149 0.38729198 0.95215384 0.7218348
 0.00946966 0.27973922 0.21609155 0.2252349  0.30869142 0.84832917
 0.34214491 0.79154457 0.78396899 0.7384206  0.4633709  0.32796386
 0.91009189 0.07897246 0.57654193 0.17848152 0.13168625 0.79689277
 0.33109353 0.7100559  0.2278358  0.20307753 0.44230118 0.74341924
 0.66414545 0.30956544 0.71315619 0.28241104 0.35276598 0.45092542
 0.34387595 0.32239824 0.54746103 0.96569583 0.56918971 0.00193147
 0.60299097 0.68400535 0.17440351 0.50076728 0.52598845 0.70995584
 0.26167859 0.26558431 0.53624591 0.21520412 0.96564551 0.03468759
 0.50123787 0.53093197 0.28489179 0.28377403]
[0.50969181 0.60662805 0.95854129 0.75603559 0.82867782 0.49395931
 0.85101706 0.18606878 0.36547481 0.223982   0.99823602 0.04233924
 0.47137389 0.74341043 0.94704915 0.72837933 0.04655768 0.04472949
 0.02705361 0.08263817 0.89962308 0.65736118 0.46523362 0.52919441
 0.21532756 0.78031794 0.319097   0.62700388 0.02269011 0.6462319
 0.64304349 0.20515515 0.66226781 0.19226508 0.09453201 0.93230853
 0.53792674 0.86658533 0.73415876 0.47267402 0.90411683 0.94164634
 0.32805997 0.71428466 0.00346615 0.08050047 0.33197028 0.77263898
 0.22398929 0.20381528 0.96431295 0.12639974 0.881772   0.58946099
 0.21974117 0.46280929 0.58197741 0.42897073 0.92769898 0.69381764
 0.07622993 0.33860848 0.48034876 0.67951501 0.9715359  0.32531899
 0.02978986 0.56779192 0.80270924 0.55326967 0.76661069 0.41037338
 0.32498984 0.59379875 0.81537622 0.38476537 0.69794175 0.57991941
 0.63165819 0.35387892 0.39592775 0.23177162 0.03750369 0.7624664
 0.65671195 0.26693565 0.29509016 0.7898216  0.31845896 0.61368319
 0.11133338 0.30912104 0.53223314 0.95050093 0.40739758 0.82715205
 0.26375348 0.17412615 0.59766047 0.51834205]
[0.38514105 0.95099442 0.04548523 0.07604143 0.01982656 0.24527855
 0.29906037 0.57068406 0.75360157 0.31864292 0.63033042 0.48833643
 0.16599208 0.5330435  0.18072896 0.38565251 0.72638607 0.43505625
 0.26537129 0.28211609 0.48063378 0.6582008  0.45542861 0.603069
 0.12051831 0.22746084 0.26384505 0.25266768 0.59922377 0.59922817
 0.93966053 0.52062518 0.90964302 0.00463514 0.10076835 0.43153132
 0.3102943  0.41613742 0.29528136 0.13051756 0.17635034 0.37491758
 0.30730555 0.7821989  0.03613145 0.40935835 0.31256349 0.07561738
 0.42031464 0.46324687 0.7568987  0.61391446 0.9288611  0.50782264
 0.27915426 0.91198875 0.93039985 0.61453995 0.28335523 0.52293682
 0.16115616 0.34072521 0.6399833  0.95513019 0.85667369 0.98070742
 0.43048543 0.15115767 0.75240855 0.76373753 0.88589973 0.34481358
 0.61243483 0.28278609 0.03979395 0.15885696 0.98986327 0.73007071
 0.85813575 0.48385646 0.40644192 0.10041242 0.87353653 0.20790325
 0.00962421 0.40245343 0.11484976 0.95348959 0.55370526 0.99247988
 0.01310665 0.90262691 0.91167337 0.35375287 0.86562768 0.26255567
 0.16577886 0.9321176  0.11196538 0.58547211]
[0.50703314 0.26083767 0.37650719 0.49072243 0.35738843 0.80920037
 0.25141631 0.23568548 0.7567945  0.56010848 0.35020026 0.08217852
 0.61762389 0.36203899 0.38449937 0.04126176 0.50902435 0.24799308
 0.70941803 0.87857499 0.22304986 0.81883462 0.39156116 0.36837807
 0.01978435 0.1229166  0.07511836 0.42400769 0.97045933 0.06408723
 0.68387015 0.0062777  0.12914896 0.08984454 0.08567433 0.49045507
 0.19407655 0.41292467 0.1161651  0.00111438 0.54712125 0.88736799
 0.37791116 0.14085742 0.84098346 0.86558686 0.43924749 0.11184039
 0.58553969 0.00874482 0.13389352 0.89882118 0.06019548 0.62575081
 0.33466275 0.4684226  0.82670975 0.84385703 0.31776591 0.19488444
 0.35813459 0.69317618 0.19649716 0.84130172 0.06085173 0.27150927
 0.47590354 0.43482854 0.95752004 0.49265068 0.70190117 0.13445843
 0.51331286 0.74076091 0.77728856 0.52411694 0.42150969 0.12981479
 0.2975024  0.70932804 0.67174286 0.47415463 0.74551576 0.16931432
 0.60013408 0.28178599 0.07789782 0.55516255 0.05093618 0.13213522
 0.62421996 0.21059757 0.96041706 0.23662511 0.25718794 0.18424328
 0.71664665 0.49169507 0.43937737 0.11987256]
[0.30345778 0.5499515  0.75853787 0.13767493 0.37839596 0.75187148
 0.50044891 0.58826471 0.30381912 0.6089766  0.01448703 0.81145561
 0.80127302 0.44272322 0.44246567 0.27402977 0.71239902 0.98264169
 0.16424418 0.64827821 0.25669653 0.08757933 0.6676596  0.42875947
 0.09331535 0.03298934 0.23298085 0.33388632 0.03304229 0.94843171
 0.85601189 0.80735903 0.11046463 0.48947542 0.09202807 0.04925694
 0.79727723 0.19509918 0.92615626 0.49685373 0.14905862 0.61880828
 0.8728634  0.89142297 0.89917453 0.08627524 0.93012457 0.74010588
 0.54693611 0.685784   0.89129422 0.70322562 0.95317211 0.37265041
 0.62021556 0.93740055 0.1733336  0.42398507 0.75920662 0.95172931
 0.23699693 0.9132623  0.28647656 0.20267495 0.76837044 0.76505777
 0.31250984 0.05324702 0.70282257 0.19248116 0.32061014 0.87757049
 0.52287265 0.99000285 0.00580466 0.49198689 0.02935657 0.09162103
 0.46508378 0.19102879 0.54547524 0.61285949 0.01967194 0.92407546
 0.71756376 0.72467299 0.83476816 0.0505753  0.5923386  0.39079173
 0.87172906 0.66963015 0.2807108  0.03418465 0.90341016 0.10972277
 0.63300678 0.39329634 0.43269444 0.29825506]
[0.35188096 0.73614862 0.31439258 0.04937519 0.97715726 0.11394765
 0.43270741 0.95308086 0.37459929 0.91923279 0.16236438 0.01238374
 0.87106114 0.22492004 0.06225957 0.1034066  0.69479657 0.3955223
 0.48813003 0.53384669 0.58131712 0.31517385 0.50317172 0.32693218
 0.48077675 0.19753913 0.70179381 0.31370876 0.17906921 0.85619661
 0.20657709 0.86563108 0.90377844 0.80213929 0.44772221 0.61931409
 0.50269321 0.28044331 0.89588502 0.27790607 0.94235353 0.23613091
 0.27772217 0.55837134 0.66067596 0.62962369 0.74339582 0.7318806
 0.19573711 0.2965984  0.79686972 0.56149721 0.03922053 0.28427638
 0.44306101 0.65129628 0.99278282 0.6945527  0.40867204 0.3425167
 0.25052114 0.13582507 0.03620554 0.10302235 0.66757009 0.05454888
 0.60497723 0.19499737 0.40666313 0.83453854 0.28432107 0.47478879
 0.3117024  0.25012969 0.4260579  0.79333939 0.96029758 0.1799663
 0.43683429 0.98960641 0.0071859  0.10923794 0.99685243 0.30813035
 0.06196658 0.12325644 0.70011291 0.25779086 0.36220615 0.02596833
 0.59391584 0.51133279 0.05672306 0.19094232 0.25791473 0.70384371
 0.5899256  0.95342513 0.73273897 0.51369792]
[0.81439861 0.07086333 0.35708311 0.3264306  0.07939039 0.42082878
 0.25075139 0.68440897 0.88443014 0.00833777 0.99576142 0.28718031
 0.45869788 0.19646283 0.59999727 0.2060298  0.08163444 0.01877261
 0.94531198 0.617474   0.45557826 0.60102194 0.29473862 0.26019786
 0.83339812 0.87113037 0.71721036 0.77201489 0.53950887 0.32048318
 0.61101338 0.08435577 0.22529115 0.08498658 0.1028644  0.10116253
 0.05872773 0.03492982 0.59315404 0.02306938 0.11804649 0.59296399
 0.31619968 0.2645563  0.97955442 0.51429704 0.64675229 0.89524923
 0.51602801 0.43728119 0.68534875 0.98906929 0.33104263 0.48669148
 0.21820524 0.88973903 0.87091477 0.0793269  0.17920029 0.15678221
 0.31932243 0.44686825 0.33241537 0.19528576 0.97598319 0.01139838
 0.48329021 0.10215014 0.58072738 0.25319777 0.40669238 0.32595477
 0.71320337 0.28242091 0.63224376 0.43675598 0.992901   0.6290117
 0.16531762 0.38042689 0.40536681 0.31752542 0.10436679 0.5261315
 0.07025862 0.4312817  0.13455976 0.31469094 0.43216614 0.65061712
 0.22370634 0.80152382 0.557422   0.50082315 0.91792021 0.15936299
 0.21099151 0.51856068 0.19241857 0.80764155]
[0.00334587 0.65033425 0.59000955 0.42717563 0.88741592 0.15654214
 0.72390047 0.27771043 0.0389946  0.56169071 0.09506654 0.65477179
 0.06320892 0.33884323 0.74458291 0.19538436 0.87119289 0.13974759
 0.27332402 0.54306794 0.69564726 0.28652422 0.39132733 0.72340234
 0.95570892 0.99398457 0.14913617 0.66307763 0.79109525 0.15746797
 0.68048474 0.51637759 0.21241831 0.676206   0.12173215 0.5278891
 0.90406491 0.49084551 0.23250654 0.42523414 0.9911798  0.26870152
 0.27265843 0.99754089 0.62082918 0.38308997 0.59311154 0.87699646
 0.88819824 0.21691344 0.53545277 0.10816891 0.9915941  0.84217981
 0.65317335 0.6616991  0.1338055  0.08017957 0.4732689  0.94567039
 0.31348903 0.99313975 0.6417888  0.50685589 0.6926796  0.85666443
 0.59124596 0.96578664 0.90750908 0.45163407 0.70237139 0.12563911
 0.06006557 0.95167862 0.83095427 0.65598084 0.3517676  0.9318027
 0.50583911 0.57353958 0.43148897 0.23361656 0.26142358 0.71278968
 0.06905757 0.15967399 0.90563185 0.62126091 0.74446172 0.17685495
 0.38822358 0.63658309 0.84557905 0.67363552 0.63802609 0.31183623
 0.19261749 0.48800326 0.80549317 0.68199307]
[0.11758974 0.93216747 0.51228995 0.78883657 0.06276498 0.2124328
 0.52506198 0.78707686 0.91776707 0.37053323 0.49335622 0.58699909
 0.02281518 0.54605954 0.73152251 0.55257767 0.54836905 0.87956264
 0.81306741 0.69767014 0.70062339 0.70190203 0.3720617  0.82109044
 0.28095274 0.75735067 0.88291781 0.57904034 0.86285151 0.034219
 0.99327941 0.10992632 0.80076818 0.01822501 0.53861039 0.13811437
 0.72215487 0.92716112 0.5197182  0.27283691 0.34523437 0.32242228
 0.27870512 0.2659047  0.24096637 0.39471279 0.76563586 0.41242714
 0.6883878  0.96795655 0.34365689 0.34591719 0.54467676 0.91253148
 0.61162131 0.60313064 0.18691034 0.92490312 0.53262108 0.46316893
 0.40641442 0.96696603 0.22306806 0.71451454 0.13643352 0.60557199
 0.6998745  0.76719399 0.42042901 0.19173636 0.4775446  0.41341159
 0.84629292 0.2566145  0.86407626 0.28400325 0.96398489 0.05060967
 0.20000901 0.90753461 0.23825915 0.72044499 0.94197    0.43572269
 0.94311172 0.11792282 0.00507209 0.8830645  0.06736479 0.01720744
 0.26905275 0.47546572 0.2671983  0.6556452  0.17693315 0.4980015
 0.22955279 0.68489387 0.72692135 0.50888979]
[0.40191077 0.83634589 0.77892792 0.45235949 0.82624534 0.35963962
 0.97268787 0.99700941 0.66471676 0.12896999 0.19388714 0.05195409
 0.62285395 0.35751673 0.93332795 0.78739305 0.21964736 0.4012365
 0.04914845 0.61828501 0.19505846 0.84339116 0.70897748 0.73331222
 0.73564522 0.52776107 0.72143815 0.44561203 0.84264584 0.62651265
 0.16317801 0.30405603 0.92660531 0.89718979 0.93472332 0.06420738
 0.55336078 0.10081676 0.11497808 0.33860603 0.95188666 0.66329871
 0.28534272 0.22685178 0.05509938 0.18245471 0.24631357 0.5571984
 0.48970728 0.7899747  0.98349389 0.6147705  0.48531584 0.86244899
 0.01905555 0.08031367 0.6085954  0.62142727 0.28695579 0.71036378
 0.37062414 0.88072733 0.20724533 0.97324929 0.31744688 0.06655809
 0.64430771 0.77413262 0.7844423  0.35996432 0.82738066 0.87326924
 0.80977376 0.97448411 0.46279088 0.92818516 0.2221702  0.66356112
 0.10024443 0.19016128 0.24189321 0.70107346 0.67320214 0.84247646
 0.51308718 0.70899055 0.84260743 0.26621874 0.2589789  0.93575541
 0.84398631 0.435986   0.20074774 0.16785345 0.6849123  0.51612604
 0.68295069 0.12600592 0.84466117 0.95476614]
[0.26784864 0.91909256 0.35368139 0.69887283 0.19451725 0.25217141
 0.5734361  0.20071982 0.80139132 0.72113845 0.08788015 0.41150048
 0.9965128  0.64102588 0.52691069 0.5151367  0.46159751 0.06079584
 0.68697294 0.74725901 0.05133393 0.76967535 0.54729766 0.96011736
 0.84019597 0.39224037 0.27130566 0.37264247 0.64198546 0.27985535
 0.41207741 0.59731541 0.54326525 0.7249523  0.60382374 0.11961563
 0.11188171 0.93598877 0.36407121 0.95764911 0.06796884 0.41356056
 0.65171822 0.68380413 0.30953255 0.31915126 0.12236262 0.12875397
 0.37291122 0.40181902 0.50325896 0.32726705 0.81287298 0.55446748
 0.46996458 0.43316098 0.36271085 0.86964118 0.77875307 0.54860627
 0.11377277 0.42710632 0.05119122 0.68528524 0.12296045 0.66389812
 0.07228342 0.19109481 0.07767159 0.24647302 0.00303891 0.00422965
 0.57509156 0.39824151 0.60912446 0.85148235 0.67184476 0.06923497
 0.0669077  0.62190762 0.72373819 0.00264777 0.0433778  0.38329233
 0.30063223 0.31615118 0.17088053 0.63656618 0.81143853 0.82572934
 0.92904073 0.63062104 0.00886385 0.22986895 0.83345984 0.62458374
 0.10971559 0.65625262 0.46322569 0.91612047]
[0.1851727  0.02036326 0.30292125 0.67119876 0.7741002  0.09627698
 0.21415392 0.87218044 0.07775864 0.48186596 0.64443744 0.37087311
 0.9471238  0.21347564 0.13156151 0.57936166 0.20620919 0.19998187
 0.29294093 0.4957731  0.88635394 0.95019639 0.20818347 0.01707563
 0.89249742 0.51577068 0.06995454 0.24968242 0.29502269 0.56007624
 0.8265606  0.00608906 0.88066105 0.95460868 0.95428388 0.6503794
 0.859978   0.93902071 0.94171273 0.80288753 0.8709596  0.04572237
 0.58218902 0.50501924 0.5063445  0.42472081 0.98838228 0.04494562
 0.90366377 0.04421695 0.87994836 0.71035337 0.38571251 0.0248875
 0.93778835 0.53082598 0.46847619 0.89799185 0.86467219 0.02783645
 0.53982737 0.0622716  0.40950464 0.4779072  0.39015098 0.81220509
 0.60779971 0.30230559 0.44589397 0.82764833 0.06779497 0.87692515
 0.57687811 0.98018562 0.39207792 0.90346318 0.35235885 0.93487351
 0.24246481 0.48889418 0.26863937 0.90877153 0.37667076 0.86775536
 0.5857628  0.90910922 0.37116213 0.19780086 0.11683457 0.44794821
 0.09507672 0.1129833  0.33560134 0.30145986 0.26297139 0.85136501
 0.04215646 0.79397561 0.34726166 0.35933564]
[0.21089035 0.87611899 0.36295506 0.11588679 0.93820436 0.62956735
 0.38496459 0.07008964 0.32843798 0.13457432 0.74462728 0.31569585
 0.80216343 0.88079335 0.1751913  0.8460358  0.09959022 0.60225782
 0.79604295 0.99263526 0.39301714 0.04899105 0.73805073 0.26670355
 0.27941499 0.96778164 0.34510111 0.57070864 0.25347183 0.16080912
 0.82799944 0.18524532 0.88012692 0.67286259 0.25072037 0.10085322
 0.98398603 0.87631479 0.13810898 0.79052525 0.58677036 0.75192868
 0.13666812 0.9253086  0.18487818 0.37204619 0.32612196 0.03574034
 0.45325119 0.77033812 0.60978927 0.46627411 0.98134822 0.3173693
 0.66364365 0.29537022 0.47741918 0.92963853 0.70601063 0.72394281
 0.43536875 0.38828935 0.85933293 0.94277895 0.48729776 0.46699275
 0.66678724 0.39435957 0.2711625  0.3327039  0.12658995 0.82200475
 0.28954863 0.25976446 0.44796709 0.93757093 0.830808   0.11171651
 0.55127072 0.19512685 0.58602853 0.00888601 0.51721167 0.05559597
 0.98662111 0.98210635 0.29349201 0.07968726 0.30411569 0.40516171
 0.02811461 0.6518566  0.67116325 0.90413935 0.29538957 0.09632683
 0.40495551 0.6143554  0.68803553 0.83800562]
[0.28464691 0.74071662 0.73588663 0.25133432 0.85471854 0.97344328
 0.0246171  0.27568995 0.06061725 0.31381571 0.1867349  0.4490994
 0.65460775 0.51708297 0.53377743 0.90799282 0.49648978 0.53723515
 0.4736062  0.89057772 0.6260272  0.30258843 0.29317771 0.75849044
 0.66350174 0.86254064 0.67282912 0.49156336 0.48531827 0.06088325
 0.7253526  0.15050776 0.682251   0.36484285 0.24879156 0.80983877
 0.26136907 0.55755157 0.92886923 0.53733263 0.95003846 0.44206434
 0.80531963 0.97075132 0.91166429 0.55036624 0.46252563 0.93378583
 0.2886174  0.32397834 0.83309463 0.57593824 0.96866452 0.54657738
 0.67206663 0.20656683 0.89865618 0.5607308  0.15041256 0.62713587
 0.61726952 0.87017968 0.39946355 0.57276457 0.53740003 0.161335
 0.11752815 0.76523764 0.5532991  0.71735423 0.45984216 0.41892759
 0.98062915 0.78912065 0.71513543 0.82190368 0.7376739  0.1961119
 0.12494464 0.40701092 0.83043032 0.59456992 0.94217874 0.06257925
 0.00487495 0.65571564 0.03846541 0.27975526 0.99155753 0.76977331
 0.02621202 0.2561587  0.92360178 0.37772409 0.68358486 0.54485595
 0.56540101 0.4671297  0.28702716 0.36209688]
[0.78551984 0.72271169 0.64217147 0.56578115 0.12169261 0.91186874
 0.88533207 0.11413437 0.41733758 0.95897482 0.18070845 0.3906766
 0.02719579 0.37910845 0.70065984 0.30877526 0.18372576 0.32750339
 0.17043897 0.98412876 0.95466895 0.30184777 0.53680921 0.89535507
 0.34595004 0.12690628 0.70950111 0.8191769  0.27371301 0.71528078
 0.50965999 0.71238812 0.44741817 0.24908698 0.48753425 0.81831954
 0.03870465 0.5041867  0.79301289 0.35782008 0.52700734 0.85241899
 0.28192273 0.56474704 0.52364223 0.96815416 0.04971835 0.67195229
 0.33640799 0.16653275 0.91598375 0.17718539 0.73023136 0.2841976
 0.00869872 0.29423653 0.24081133 0.25566328 0.17516527 0.31670105
 0.19629696 0.38496699 0.57873718 0.13469263 0.84324627 0.98067804
 0.77206895 0.37800357 0.77021804 0.46860527 0.35533223 0.21330622
 0.96894844 0.17651142 0.11914612 0.63184484 0.24702401 0.43250715
 0.53286557 0.0306332  0.16191284 0.15571624 0.33736247 0.01295485
 0.24567996 0.86614427 0.365463   0.97663864 0.74120912 0.2862165
 0.5238461  0.99823334 0.17204963 0.8662609  0.10005102 0.47066275
 0.64602126 0.98036577 0.9400314  0.71080891]