[6.50594398e-01 2.62407664e-01 6.14958544e-01 7.03898845e-01
 9.31036931e-01 2.65590006e-01 1.21954602e-01 8.09580838e-01
 4.94295879e-01 8.59101261e-01 3.18519506e-01 4.96821157e-04
 6.78844869e-02 4.83491553e-01 3.96470023e-01 2.00294343e-01
 3.22065323e-01 9.43387292e-01 5.52865394e-01 9.67220463e-03
 8.68598506e-01 4.58188157e-01 6.23031870e-01 1.85158914e-01
 3.42506483e-01 6.19180019e-02 2.03567544e-01 6.87073492e-01
 4.47920537e-01 7.82354315e-01 4.69326189e-01 4.95401383e-01
 1.11745444e-02 8.62623943e-01 3.62638653e-02 5.34285188e-01
 1.70757047e-01 7.52088777e-01 6.80583305e-01 8.57274197e-01
 6.35735458e-02 7.04052420e-02 4.61844275e-02 2.88398034e-01
 7.11896640e-01 4.61194177e-01 5.70512267e-01 6.42387946e-01
 4.08327547e-01 4.66028252e-02 2.91739348e-02 2.83859819e-01
 8.14597345e-01 6.01961999e-01 7.50186434e-02 6.91035846e-01
 2.41432485e-01 7.35345098e-01 9.92100660e-01 4.96131385e-01
 2.91499222e-01 5.37548981e-01 2.02483066e-01 8.04867558e-01
 6.65707425e-01 3.07387502e-01 9.17530370e-01 5.61138156e-01
 4.05368193e-01 3.11142602e-02 8.62864328e-01 8.39497286e-01
 3.20285663e-01 6.57419247e-01 5.57578104e-01 4.46568787e-02
 5.69047169e-01 8.00588155e-01 7.18551412e-01 9.08185443e-01
 5.97075710e-02 6.91059819e-01 2.41429039e-01 1.02124706e-01
 3.89952945e-01 2.61340103e-01 1.08774503e-01 5.25343580e-01
 3.18307739e-01 9.13906001e-02 5.24484945e-01 6.23958765e-01
 6.32858956e-01 7.62962263e-01 3.54391051e-01 2.02908287e-01
 1.69377868e-01 4.97029895e-01 9.04252861e-02 3.24107948e-01]
[0.26794966 0.45481706 0.13569824 0.85865409 0.42238728 0.05827586
 0.71996324 0.63617265 0.31614979 0.36133009 0.31471853 0.94444322
 0.09011684 0.14747089 0.40736503 0.23290064 0.7832705  0.96127433
 0.60186106 0.93761969 0.03321998 0.20567756 0.49208646 0.96731505
 0.24029944 0.99035077 0.87332615 0.88219035 0.00791413 0.22804207
 0.11035334 0.36538275 0.7989287  0.45346355 0.78762971 0.13378565
 0.56451585 0.26971851 0.0328279  0.64998976 0.47444157 0.82914449
 0.21837192 0.5618411  0.0676063  0.14965815 0.84588854 0.99932594
 0.97623358 0.36734366 0.75166955 0.89105411 0.64014827 0.95341727
 0.81793689 0.05559455 0.25198416 0.48174896 0.81681441 0.28351532
 0.30956545 0.64458402 0.59996006 0.92370044 0.46496993 0.25877426
 0.84450383 0.98943046 0.6891549  0.08496157 0.22807799 0.75478232
 0.84868881 0.04741092 0.43113388 0.61648782 0.65285509 0.23209702
 0.01344739 0.25076493 0.8450212  0.03908809 0.57424372 0.2689045
 0.1257661  0.11653219 0.5822472  0.15317998 0.28410302 0.43491728
 0.53815895 0.57574284 0.49072064 0.39289471 0.29697106 0.36803219
 0.75542455 0.25482168 0.76729048 0.34154053]
[0.39547035 0.1206142  0.35609046 0.08007455 0.63681189 0.0128338
 0.77855148 0.66338154 0.30665118 0.91402949 0.38979175 0.33201323
 0.6817585  0.36019335 0.6779628  0.0589465  0.44845668 0.31110872
 0.11279567 0.70835026 0.38073395 0.73084126 0.85958657 0.98946663
 0.85242    0.71883336 0.6879738  0.948275   0.48867074 0.0084312
 0.61524163 0.31340204 0.01944181 0.52607908 0.57249785 0.40113619
 0.81094561 0.83403972 0.05608155 0.72772659 0.08313089 0.36155533
 0.10920076 0.7819008  0.93844874 0.81717001 0.41063813 0.58650241
 0.21443882 0.80587949 0.62752084 0.10861114 0.21996547 0.49948978
 0.76842464 0.49750875 0.54581475 0.28043357 0.38918735 0.91056312
 0.07138324 0.9401937  0.34404871 0.7664117  0.56443509 0.92253964
 0.40815928 0.88469575 0.45619574 0.48364579 0.59158982 0.88551735
 0.01250344 0.58692881 0.56912591 0.71086461 0.1432181  0.00701174
 0.82673059 0.31155807 0.02091944 0.06562702 0.4582804  0.38132642
 0.65775878 0.45904882 0.05253976 0.78830116 0.84377495 0.61153773
 0.31455307 0.18357827 0.03744365 0.61978153 0.54159213 0.38370634
 0.99844779 0.94116416 0.78668478 0.73876272]
[0.91789741 0.87116833 0.44475523 0.55870452 0.45825204 0.39351614
 0.56008653 0.60735361 0.72287607 0.52550597 0.74657349 0.32943634
 0.3585952  0.56295977 0.97459156 0.3215931  0.99956357 0.75190664
 0.10769734 0.18118923 0.92427614 0.13875138 0.89226963 0.5898487
 0.5915295  0.96827988 0.70626699 0.45794373 0.86037851 0.7264736
 0.83743823 0.94536399 0.20207294 0.0245811  0.16847617 0.2991219
 0.65590798 0.57781353 0.83052887 0.45666586 0.27467896 0.49497095
 0.55883329 0.24757504 0.78935911 0.98288975 0.99187384 0.21900929
 0.09664207 0.71846993 0.19712938 0.61675175 0.17033046 0.31355424
 0.90538372 0.16285485 0.264055   0.73587599 0.38524539 0.12629983
 0.80132717 0.53531161 0.78352101 0.13617707 0.09888826 0.26180772
 0.34636949 0.80708764 0.01356812 0.76687875 0.18559641 0.19330363
 0.66770991 0.84288021 0.59727677 0.45958292 0.05647482 0.57652986
 0.35936298 0.98470774 0.81887812 0.09871884 0.41606513 0.58306131
 0.41878638 0.93907653 0.94374536 0.27611506 0.07055233 0.86912535
 0.57354233 0.30923903 0.39041811 0.22561312 0.00157    0.90734753
 0.07385926 0.96825238 0.4884196  0.42286104]
[0.45709555 0.60904417 0.47984658 0.23617737 0.43767265 0.38283607
 0.53980389 0.33736835 0.31171494 0.03933423 0.43799765 0.91576277
 0.52555487 0.9623177  0.42754393 0.64200827 0.72658364 0.94811537
 0.74277296 0.18887041 0.06044533 0.21257236 0.37059057 0.16231975
 0.23569035 0.51100944 0.80683874 0.77635532 0.45910465 0.66222888
 0.09398937 0.67835734 0.8706512  0.16312229 0.18705845 0.55536556
 0.17595895 0.21613293 0.01563511 0.63654162 0.72424747 0.55032933
 0.32171723 0.16130511 0.18280033 0.08203409 0.92025831 0.67820491
 0.36824056 0.38404999 0.38028195 0.49703623 0.00513082 0.82476174
 0.78520203 0.71831198 0.54953735 0.68462859 0.74045995 0.88326019
 0.77564275 0.48199119 0.18656126 0.88984483 0.8437107  0.56390138
 0.612312   0.88562939 0.28848887 0.6869482  0.12835788 0.01797892
 0.51766102 0.85605678 0.45963876 0.1235378  0.81129441 0.75831209
 0.73529896 0.77070527 0.08065204 0.61121247 0.95846055 0.38148488
 0.74981261 0.28359546 0.26578971 0.06899713 0.48693403 0.50911847
 0.09186933 0.30181474 0.18240477 0.07118391 0.45798967 0.12692513
 0.53770456 0.35197833 0.48692802 0.61429534]
[0.47472515 0.84572588 0.67966648 0.46344808 0.2761555  0.08265354
 0.77749714 0.21715134 0.65897056 0.25675815 0.18883382 0.18281573
 0.09375164 0.83378715 0.89657671 0.56835972 0.50291319 0.3186333
 0.4332431  0.89988014 0.49812299 0.91014232 0.17528044 0.90909978
 0.31745899 0.79789498 0.99299256 0.10317668 0.11115519 0.39659273
 0.85801108 0.26300771 0.97641936 0.77253389 0.4152898  0.05808853
 0.10616575 0.8750847  0.77607617 0.24290738 0.85499371 0.20644708
 0.61439324 0.87267392 0.3543626  0.74567303 0.06706966 0.17889072
 0.30928151 0.31731645 0.72891194 0.97468512 0.17172195 0.97611985
 0.04120097 0.78801712 0.58320221 0.81489924 0.9410762  0.5420815
 0.91072443 0.12357438 0.54228061 0.82778272 0.83380789 0.10491389
 0.28523678 0.06282698 0.90435734 0.14974552 0.66825956 0.78122052
 0.93888581 0.35477933 0.67093568 0.40133116 0.68515553 0.84571094
 0.48672067 0.08203808 0.21556596 0.9000276  0.85380236 0.76810867
 0.70740142 0.56355784 0.68588653 0.40281595 0.2429004  0.67205509
 0.43811759 0.08512316 0.5112562  0.10906842 0.49826409 0.47843442
 0.63358642 0.73603604 0.7032233  0.52907232]
[0.74277002 0.94674058 0.2351568  0.04485309 0.26874258 0.44619924
 0.42833717 0.83655608 0.56877799 0.04909359 0.89014941 0.21140999
 0.25360027 0.99319893 0.82760308 0.63126412 0.10722487 0.831459
 0.11284447 0.13695808 0.92432327 0.08656068 0.92088247 0.89682418
 0.29300071 0.66081771 0.5603867  0.52084142 0.25241594 0.31450885
 0.40392972 0.20740654 0.2947427  0.63436694 0.53428825 0.37683014
 0.51929739 0.7192939  0.83697508 0.31355841 0.83405818 0.62197251
 0.48103592 0.03865111 0.7318659  0.82892009 0.29428807 0.91157648
 0.97876325 0.53193534 0.27792359 0.43360982 0.42441389 0.91236681
 0.45316626 0.49441465 0.8559599  0.20548371 0.61136601 0.86322825
 0.27095122 0.2293694  0.72869314 0.81631938 0.3831629  0.13238227
 0.20750136 0.01515731 0.35189662 0.76168053 0.23328622 0.95853257
 0.3769864  0.38931305 0.84131333 0.52680185 0.33152023 0.03830171
 0.86284681 0.8750695  0.98555978 0.69590243 0.25240255 0.14387472
 0.50622869 0.03609565 0.70888734 0.78756695 0.02175416 0.33545272
 0.88575669 0.46442551 0.37374318 0.5987178  0.01541887 0.37304301
 0.06526189 0.20252343 0.57797736 0.74586068]
[0.86581972 0.20486944 0.95724063 0.52262615 0.56769793 0.95651395
 0.24355666 0.10124896 0.41288011 0.64790484 0.06363707 0.95075643
 0.12397196 0.81083851 0.0054577  0.83745976 0.98843003 0.41791068
 0.09746657 0.96560558 0.82881864 0.74909098 0.28071989 0.83084925
 0.43480937 0.51027558 0.84779504 0.70575398 0.286839   0.41130543
 0.79056863 0.52281281 0.90719933 0.82732016 0.43436641 0.50511059
 0.7803213  0.78214026 0.23368257 0.26593923 0.76043494 0.93397424
 0.27043264 0.12973513 0.29486007 0.41333095 0.50707942 0.57104111
 0.58522765 0.9828421  0.69620212 0.52607275 0.96965017 0.15436165
 0.42775964 0.29322948 0.59109371 0.99765465 0.3878106  0.07249047
 0.90062037 0.1767106  0.43173386 0.61122157 0.73482852 0.72023679
 0.36821426 0.24284122 0.07135467 0.2155923  0.72300929 0.49561021
 0.45049433 0.9653602  0.4109782  0.63147015 0.27757118 0.85817704
 0.153577   0.72256596 0.06358695 0.45995872 0.06225594 0.46295921
 0.77942485 0.50202063 0.5278701  0.1305734  0.10110613 0.44500755
 0.86621588 0.11499472 0.49354905 0.76810814 0.35811922 0.61274421
 0.50027547 0.21824303 0.77332109 0.98517807]
[0.73685883 0.06170838 0.64548528 0.52713474 0.09311439 0.3029794
 0.71256619 0.71609781 0.19890988 0.35786691 0.35800664 0.5938636
 0.5090853  0.41097691 0.834757   0.08798605 0.09288137 0.19054329
 0.2835272  0.28090149 0.5135189  0.53180747 0.6891265  0.57324647
 0.65273099 0.21455588 0.29499991 0.58803859 0.01503645 0.03089351
 0.08088553 0.36993392 0.84793111 0.39711173 0.375573   0.35933899
 0.49979023 0.61009209 0.05639105 0.63268401 0.07996899 0.57122064
 0.98855311 0.74388683 0.09246499 0.1563149  0.62213778 0.52978363
 0.68670227 0.20346936 0.30263759 0.24688676 0.83817972 0.66885865
 0.06056578 0.89501917 0.9852829  0.14406119 0.6989146  0.04479693
 0.41454758 0.74041027 0.68689737 0.70451964 0.09781099 0.89814005
 0.64229635 0.49710276 0.5670206  0.88061352 0.82449919 0.54891673
 0.33739779 0.27042385 0.13835933 0.21374061 0.77984335 0.16892662
 0.93141723 0.34688371 0.93350651 0.12160614 0.46413536 0.62691423
 0.6339572  0.27040424 0.75883033 0.19318742 0.40831863 0.66792922
 0.9483229  0.46255835 0.18975601 0.40618583 0.86199823 0.76432506
 0.17828587 0.71259015 0.09872545 0.20847879]
[0.12944748 0.69585415 0.40214723 0.99907015 0.19707532 0.85624207
 0.40079203 0.49545193 0.61733111 0.54642892 0.11483252 0.91610814
 0.78169742 0.59275091 0.45389888 0.5032916  0.5535747  0.08652837
 0.30965363 0.54029183 0.27154052 0.25963193 0.45336969 0.67664231
 0.84435686 0.70815443 0.87329418 0.16686479 0.89765466 0.97834576
 0.5131978  0.11029064 0.86338383 0.89061379 0.69274417 0.79479734
 0.37529241 0.73305152 0.75900465 0.76407714 0.64378292 0.76861604
 0.8788422  0.89366576 0.34927736 0.79952018 0.25667638 0.22941725
 0.05642331 0.92132724 0.7396419  0.04021235 0.74919739 0.00966073
 0.02624392 0.20872617 0.22815975 0.00934607 0.11672209 0.53871539
 0.96212618 0.34248425 0.94711505 0.85184308 0.81913777 0.23583194
 0.40440762 0.74248618 0.52476234 0.32821706 0.25949674 0.38347012
 0.50221776 0.41524997 0.04818594 0.36460318 0.57230488 0.20383278
 0.47775123 0.41599279 0.69516785 0.12670473 0.65227379 0.44659391
 0.56174232 0.2764586  0.02530762 0.23518773 0.44690035 0.37116538
 0.22655411 0.58456336 0.79989222 0.21152995 0.16736288 0.59428261
 0.22240749 0.80058916 0.39266679 0.23885428]
[0.30505311 0.59299302 0.22330275 0.76130623 0.95336186 0.80460692
 0.05060642 0.4633764  0.59615525 0.09935771 0.20768553 0.90109809
 0.17424335 0.40441805 0.19778922 0.6490994  0.46187118 0.3784031
 0.27764425 0.84451456 0.4578068  0.870457   0.63556105 0.50491517
 0.28075902 0.79537975 0.63229675 0.41393247 0.26611945 0.3486795
 0.44575609 0.15517792 0.63293133 0.8318334  0.31135618 0.1789577
 0.95262173 0.52696242 0.18153215 0.30160201 0.50088539 0.11507437
 0.35115015 0.47551829 0.4292481  0.84510079 0.45409107 0.78987723
 0.28129991 0.72583748 0.60328018 0.07424456 0.56677526 0.61916853
 0.93068104 0.79650849 0.09326078 0.24607846 0.98676468 0.00969495
 0.92922483 0.13478431 0.86776531 0.65167813 0.43115671 0.27125039
 0.58166162 0.91400819 0.02246083 0.90510263 0.84556858 0.02251123
 0.43065321 0.71634485 0.42757259 0.05100261 0.47771453 0.82178349
 0.77586404 0.63910564 0.85954211 0.26084542 0.49544331 0.08218777
 0.566757   0.68221456 0.85610741 0.41486426 0.9495378  0.67418421
 0.16402662 0.21081833 0.73836772 0.29447845 0.60081932 0.2375752
 0.30204693 0.05224223 0.76347055 0.94465091]
[0.54304092 0.11740842 0.88621063 0.38142491 0.06943639 0.61925809
 0.77204908 0.09073318 0.43886812 0.03863858 0.01303857 0.59529467
 0.62169586 0.25839197 0.49512123 0.9473481  0.13530493 0.95405804
 0.03972213 0.00284631 0.87111574 0.42074283 0.00106348 0.53707855
 0.92311541 0.59696626 0.75849209 0.41056303 0.40963256 0.8818305
 0.45312841 0.74410989 0.14078417 0.52687278 0.13076614 0.45290005
 0.56029904 0.79490072 0.90331279 0.39213598 0.48506355 0.72499606
 0.06693951 0.60809264 0.09352787 0.33661866 0.98885709 0.19061
 0.76245749 0.42859174 0.83059059 0.02634186 0.19463312 0.69441255
 0.53357443 0.23541967 0.30501632 0.41166857 0.68545685 0.75429537
 0.74510169 0.96818587 0.61888169 0.69671247 0.88432968 0.21437809
 0.13909235 0.39768948 0.36918507 0.73362079 0.29749745 0.49584508
 0.76209967 0.95320997 0.83621281 0.77958054 0.10404355 0.72795682
 0.51736828 0.84863749 0.25563722 0.29525579 0.71291835 0.92275624
 0.75989318 0.18989222 0.8029514  0.71544156 0.60007882 0.78930611
 0.61941513 0.45716262 0.85177503 0.1872003  0.02755309 0.2440688
 0.61563164 0.94226076 0.63558675 0.22736974]
[0.32601159 0.23789349 0.10426683 0.56884107 0.96277274 0.17056744
 0.24446367 0.3200632  0.2932272  0.40094013 0.12716001 0.17366583
 0.34483106 0.4193811  0.0946918  0.05800171 0.56818589 0.18125522
 0.74275733 0.00751336 0.92302345 0.47581271 0.59440105 0.7721191
 0.57800813 0.01460409 0.3555531  0.66243035 0.66763284 0.72262275
 0.2473397  0.33594361 0.41729771 0.48839853 0.2554855  0.12352266
 0.96958455 0.87006367 0.57501442 0.60345147 0.66000463 0.26074241
 0.09915076 0.52509029 0.90377091 0.09005826 0.58052217 0.41476571
 0.74242905 0.83280947 0.59552255 0.44764334 0.28154915 0.52605511
 0.01257511 0.82249465 0.95820765 0.85066114 0.92867924 0.72558146
 0.5024478  0.65449919 0.99789056 0.40879578 0.25208334 0.8521157
 0.20908759 0.98566389 0.57966984 0.30084206 0.54071336 0.74398126
 0.44057153 0.09538713 0.33443491 0.27942279 0.91223197 0.10126255
 0.61437598 0.30861818 0.66048805 0.93872211 0.83297387 0.92349292
 0.65606288 0.7733612  0.24419181 0.50838184 0.48309113 0.87143918
 0.48585632 0.50759269 0.94234477 0.4932687  0.43624214 0.57471244
 0.03706974 0.94585692 0.40242805 0.89364364]
[0.5724902  0.71354284 0.00411888 0.3607337  0.32302472 0.47908002
 0.3770633  0.31884165 0.35203133 0.22623761 0.59132175 0.59571228
 0.48150226 0.84332915 0.05184777 0.11242532 0.31795943 0.22591697
 0.07837026 0.71884518 0.91726593 0.74920076 0.15322575 0.75356337
 0.78532162 0.94695111 0.05778376 0.88844763 0.15482953 0.26146964
 0.34749678 0.52084819 0.78795154 0.06594212 0.61658493 0.21707185
 0.4057074  0.70341386 0.27918993 0.75359134 0.59173998 0.33048065
 0.81473551 0.82617499 0.68952096 0.65278723 0.323535   0.32780362
 0.79338024 0.07087308 0.21167902 0.66628018 0.45592463 0.3006942
 0.84292315 0.6061824  0.05980433 0.29647572 0.15820165 0.37190965
 0.32242709 0.74885832 0.98507318 0.86627541 0.59917711 0.922876
 0.41561623 0.96321539 0.43715975 0.31451875 0.63746044 0.95741827
 0.34586721 0.06662053 0.70234692 0.4192301  0.6035469  0.47044412
 0.3531242  0.3580481  0.47609168 0.39437931 0.55778083 0.86882248
 0.63883373 0.51457244 0.88910432 0.75522693 0.71060183 0.86091632
 0.58954329 0.44146862 0.08978873 0.85963417 0.5410355  0.47200929
 0.53096765 0.12812244 0.41257415 0.72572349]
[0.87621871 0.761783   0.11451305 0.93229556 0.9874207  0.9550472
 0.50597777 0.67590501 0.8810934  0.97600326 0.32116223 0.03710125
 0.16254076 0.2300761  0.10493929 0.51396723 0.81929196 0.13346382
 0.68540583 0.1245957  0.81418746 0.569424   0.30178439 0.98314527
 0.5042623  0.18759188 0.91243797 0.80678579 0.62374004 0.14529211
 0.09152101 0.13488007 0.23450158 0.97161164 0.5408903  0.58022831
 0.06630943 0.73629782 0.93952901 0.44136551 0.99044759 0.67478602
 0.29429127 0.75708858 0.29497548 0.80802452 0.82470878 0.70123329
 0.2924704  0.15318466 0.59759824 0.21975545 0.50869411 0.92041441
 0.0412835  0.05766821 0.42162588 0.77771358 0.60924115 0.62736462
 0.90827085 0.91491683 0.36496408 0.61313677 0.02057856 0.62809414
 0.74467138 0.10689175 0.74571061 0.07175402 0.77500143 0.88988769
 0.95250366 0.0385786  0.39020409 0.79014487 0.5703292  0.25848486
 0.41780289 0.46031544 0.60749225 0.07960525 0.37351713 0.93124374
 0.43106762 0.08786332 0.31213532 0.13577383 0.75630535 0.34263997
 0.36597592 0.79291008 0.81354861 0.62195565 0.21963762 0.74927315
 0.01749375 0.55009496 0.33874259 0.97654061]
[0.45041543 0.9695729  0.23419576 0.92165149 0.57221329 0.34423405
 0.5564261  0.82115913 0.42443418 0.68313121 0.30552796 0.48372252
 0.66930349 0.66383625 0.39539971 0.57246429 0.37526281 0.17744034
 0.55469432 0.41094936 0.54429472 0.00674522 0.09320839 0.24823964
 0.01058608 0.83673711 0.09573651 0.97138353 0.12002869 0.07123795
 0.17602029 0.65228079 0.98939367 0.69195818 0.69982393 0.82820603
 0.65225954 0.06676175 0.66462623 0.62733539 0.04274287 0.82555113
 0.63073729 0.34048765 0.49454357 0.83256018 0.60866796 0.26520024
 0.01466415 0.5465697  0.57794852 0.46697308 0.73104156 0.64540461
 0.4352444  0.52985645 0.18329846 0.33044788 0.16283206 0.16673325
 0.00670272 0.99685023 0.47123168 0.78094754 0.97423079 0.52073575
 0.87216999 0.68889644 0.83130388 0.04998958 0.94335123 0.06320868
 0.43338251 0.0025284  0.50656247 0.75228112 0.20527629 0.45591644
 0.02134655 0.7530543  0.08850395 0.4926366  0.47809146 0.26870193
 0.66081454 0.5795647  0.17410132 0.72892277 0.11775591 0.31227397
 0.43502689 0.44464319 0.00468673 0.03288667 0.55654278 0.12591788
 0.97905091 0.82317956 0.79797982 0.01347243]